x,y,ACCOMMODATION UNITS (ROOMS APARTMENTS CAMPING SITES) - TOTAL,A_AUSTRIAN TOURISTS,A_DOMESTIC TOURISTS - TOTAL,A_FOREIGN TOURISTS - TOTAL,A_GERMAN TOURISTS,A_ITALIAN TOURISTS,A_SLOVENIAN TOURISTS,ESTABLISHMENTS - TOTAL,NUMBER OF PERMANENT BEDS,N_AUSTRIAN TOURISTS,N_DOMESTIC TOURISTS - TOTAL,N_FOREIGN TOURISTS - TOTAL,N_GERMAN TOURISTS,N_ITALIAN TOURISTS,N_SLOVENIAN TOURISTS,TOTAL ARRIVALS,TOTAL NIGHTS
0,23,2,0,0,0,0,0,0,2,8,0,0,0,0,0,0,0,0
0,24,212,295,916,3880,636,789,529,108,615,2354,5388,26322,5748,5195,3991,4796,31710
0,40,132,368,586,3595,691,159,754,73,458,3105,4284,28855,6456,1157,5923,4181,33139
0,41,94,140,432,1634,273,36,524,56,330,1210,3843,15210,3163,311,5030,2066,19053
0,49,68,229,31,1645,378,18,69,29,180,1614,150,13709,4225,82,478,1676,13859
0,50,61,43,89,1193,203,45,76,24,172,321,587,8721,1969,289,573,1282,9308
0,58,77,156,215,1851,480,42,192,25,222,1082,1427,13866,4098,211,1290,2066,15293
0,67,15,9,8,360,54,3,61,3,39,50,54,2750,621,9,462,368,2804
0,78,12,0,0,0,0,0,0,2,34,0,0,0,0,0,0,0,0
0,79,4,0,0,0,0,0,0,2,10,0,0,0,0,0,0,0,0
0,125,5,0,0,0,0,0,0,3,16,0,0,0,0,0,0,0,0
0,127,10,15,61,613,50,82,23,7,27,18,95,913,83,132,27,674,1008
1,22,2,0,0,0,0,0,0,1,4,0,0,0,0,0,0,0,0
1,39,7,7,19,181,36,6,43,6,35,75,121,1447,371,33,351,200,1568
1,40,34,81,109,607,135,36,108,23,122,591,825,5465,1460,309,941,716,6290
1,48,99,186,407,2828,477,127,167,43,278,891,2063,14577,3731,486,842,3235,16640
1,49,5,0,0,0,0,0,0,3,11,0,0,0,0,0,0,0,0
1,50,2,0,0,0,0,0,0,1,4,0,0,0,0,0,0,0,0
1,58,52,119,163,1420,197,12,124,35,159,935,1216,10741,1664,15,1055,1583,11957
1,59,504,469,2139,8700,2022,106,1199,210,1446,3221,15098,72563,21715,802,10320,10839,87661
1,60,109,142,320,1992,375,35,228,41,331,1085,2356,15711,3944,196,1708,2312,18067
1,61,17,63,26,501,103,13,60,8,51,422,188,4185,1028,100,556,527,4373
1,67,142,139,213,3956,223,132,552,28,377,1016,1152,27406,2414,1025,4611,4169,28558
1,77,22,33,5,314,96,8,53,7,57,240,30,2189,785,74,350,319,2219
1,78,4,0,0,0,0,0,0,1,8,0,0,0,0,0,0,0,0
1,96,7,0,0,0,0,0,0,3,15,0,0,0,0,0,0,0,0
1,126,4,6,22,243,22,41,5,4,14,6,34,455,52,86,5,265,489
2,35,1,0,0,0,0,0,0,1,3,0,0,0,0,0,0,0,0
2,37,7,0,0,0,0,0,0,2,18,0,0,0,0,0,0,0,0
2,38,101,93,249,2092,399,112,436,53,321,748,2080,17205,3755,777,3895,2341,19285
2,39,18,30,29,500,106,22,53,9,58,179,296,3510,808,166,388,529,3806
2,40,19,31,37,292,76,5,60,9,62,378,269,2520,747,82,559,329,2789
2,45,10,9,20,463,76,16,10,3,20,33,58,1774,374,73,24,483,1832
2,46,40,268,695,3714,496,240,160,15,104,645,1546,9107,1778,487,390,4409,10653
2,47,213,390,806,7733,1435,384,410,94,595,1985,3083,37288,8880,1445,2049,8539,40371
2,48,36,32,92,883,141,60,71,17,100,230,574,5937,1405,330,565,975,6511
2,55,1,0,0,0,0,0,0,1,6,0,0,0,0,0,0,0,0
2,56,13,10,33,235,42,16,4,9,42,65,191,1729,328,128,36,268,1920
2,59,11,3,112,51,14,0,4,8,28,21,890,424,108,0,28,163,1314
2,60,50,55,250,1201,369,38,77,24,145,408,1597,8669,3391,228,477,1451,10266
2,61,4,0,0,0,0,0,0,2,10,0,0,0,0,0,0,0,0
2,66,13,42,13,342,76,6,119,5,38,364,65,3160,922,42,1054,355,3225
2,67,2,0,0,0,0,0,0,1,4,0,0,0,0,0,0,0,0
2,68,29,0,0,0,0,0,0,16,101,0,0,0,0,0,0,0,0
2,69,2,0,0,0,0,0,0,2,4,0,0,0,0,0,0,0,0
2,76,4,0,0,0,0,0,0,2,18,0,0,0,0,0,0,0,0
2,77,5,0,0,0,0,0,0,2,14,0,0,0,0,0,0,0,0
2,95,2,0,0,0,0,0,0,1,6,0,0,0,0,0,0,0,0
2,114,1,0,0,0,0,0,0,1,3,0,0,0,0,0,0,0,0
3,23,1,0,0,0,0,0,0,1,4,0,0,0,0,0,0,0,0
3,24,5,0,0,0,0,0,0,2,17,0,0,0,0,0,0,0,0
3,36,21,2,53,376,54,14,212,10,59,6,483,3501,641,94,1896,429,3984
3,37,10,0,0,0,0,0,0,5,32,0,0,0,0,0,0,0,0
3,38,15,11,21,306,52,12,133,12,51,112,191,2798,485,91,1353,327,2989
3,44,4773,16504,47046,309428,31186,18930,10900,2038,12517,74264,119098,912124,150436,51942,48108,356474,1031222
3,45,60,136,173,2773,369,180,52,29,154,549,532,11605,1969,634,233,2946,12137
3,46,59,45,113,1360,186,78,36,34,164,211,462,7775,1519,363,295,1473,8237
3,47,2,0,0,0,0,0,0,2,6,0,0,0,0,0,0,0,0
3,60,16,39,56,336,30,24,18,9,46,264,439,2131,322,110,99,392,2570
3,61,13,16,136,153,30,9,27,9,38,141,899,1175,326,46,228,289,2074
3,123,1,0,0,0,0,0,0,1,4,0,0,0,0,0,0,0,0
3,124,3,0,0,0,0,0,0,1,10,0,0,0,0,0,0,0,0
4,43,15,40,82,1504,175,59,9,13,51,129,222,3826,563,135,29,1586,4048
4,44,96,117,349,4344,335,246,54,81,263,423,1161,12776,1260,744,215,4693,13937
4,45,58,93,94,2341,286,162,14,36,143,464,350,7911,1556,617,42,2435,8261
4,46,37,32,153,2063,192,160,40,28,109,132,421,5847,742,453,117,2216,6268
4,47,6,6,5,174,16,9,0,6,23,30,8,794,96,21,0,179,802
4,48,7,0,6,204,23,53,2,4,22,0,16,1045,222,212,6,210,1061
4,73,1,0,0,0,0,0,0,1,6,0,0,0,0,0,0,0,0
4,87,2,0,0,0,0,0,0,1,4,0,0,0,0,0,0,0,0
4,123,16,0,0,0,0,0,0,1,37,0,0,0,0,0,0,0,0
4,124,2,0,0,0,0,0,0,2,7,0,0,0,0,0,0,0,0
5,35,370,492,1098,6334,728,268,3045,85,956,4370,8805,53270,7902,2477,24132,7432,62075
5,42,14,10,31,416,53,34,28,8,33,56,203,2356,308,131,176,447,2559
5,43,50,13,215,1198,139,103,30,28,121,65,653,5494,709,475,73,1413,6147
5,44,88,73,193,3258,328,278,47,60,249,281,720,12533,1932,1059,135,3451,13253
5,45,31,24,93,1463,191,112,17,20,89,148,427,6351,1297,471,56,1556,6778
5,46,43,93,184,2658,373,230,29,28,133,278,489,8943,1807,629,141,2842,9432
5,47,26,19,50,680,198,41,8,13,70,197,280,4420,1642,142,8,730,4700
5,53,2,0,0,0,0,0,0,1,8,0,0,0,0,0,0,0,0
5,72,1,0,0,0,0,0,0,1,4,0,0,0,0,0,0,0,0
5,73,68,46,36,1127,331,70,51,26,174,223,311,7968,3044,380,360,1163,8279
5,87,1,0,0,0,0,0,0,1,3,0,0,0,0,0,0,0,0
5,89,2,0,0,0,0,0,0,2,6,0,0,0,0,0,0,0,0
5,102,2,0,0,0,0,0,0,1,4,0,0,0,0,0,0,0,0
5,122,6,0,10,138,25,51,0,4,12,0,17,380,82,116,0,148,397
6,33,2,0,0,0,0,0,0,1,4,0,0,0,0,0,0,0,0
6,43,5,11,35,690,57,46,8,4,17,11,40,1428,190,54,8,725,1468
6,44,7,4,4,270,45,24,3,6,23,20,11,1375,328,147,12,274,1386
6,45,17,23,84,816,71,51,31,16,53,109,231,2657,267,208,82,900,2888
6,57,5,0,0,0,0,0,0,4,16,0,0,0,0,0,0,0,0
6,66,22,20,26,439,158,33,56,9,70,124,102,3739,1616,277,417,465,3841
6,87,9,0,0,0,0,0,0,2,18,0,0,0,0,0,0,0,0
6,93,2,0,0,0,0,0,0,1,4,0,0,0,0,0,0,0,0
6,121,30,123,129,1619,309,196,12,8,67,683,264,4087,662,563,48,1748,4351
6,123,1,0,0,0,0,0,0,1,4,0,0,0,0,0,0,0,0
7,33,2,0,0,0,0,0,0,2,8,0,0,0,0,0,0,0,0
7,43,15,15,164,465,74,68,9,7,33,24,492,1397,454,131,15,629,1889
7,51,3,0,0,0,0,0,0,1,6,0,0,0,0,0,0,0,0
7,56,15,17,32,431,94,30,18,11,45,174,129,2958,893,118,108,463,3087
7,57,2,0,0,0,0,0,0,2,4,0,0,0,0,0,0,0,0
7,61,2,0,0,0,0,0,0,1,8,0,0,0,0,0,0,0,0
7,65,20,2,16,458,194,9,70,9,72,2,49,3959,2075,15,731,474,4008
7,72,10,15,0,130,23,9,14,3,24,50,0,586,118,30,66,130,586
7,86,3,0,0,0,0,0,0,1,6,0,0,0,0,0,0,0,0
7,92,2,0,0,0,0,0,0,1,4,0,0,0,0,0,0,0,0
7,94,3,0,0,0,0,0,0,1,6,0,0,0,0,0,0,0,0
7,104,1,0,0,0,0,0,0,1,3,0,0,0,0,0,0,0,0
7,127,14,0,0,0,0,0,0,3,33,0,0,0,0,0,0,0,0
8,14,77,57,83,801,104,167,291,37,197,517,930,7310,834,1408,3165,884,8240
8,33,1,0,0,0,0,0,0,1,3,0,0,0,0,0,0,0,0
8,38,17,10,42,349,86,18,36,8,54,132,273,3287,780,115,359,391,3560
8,39,850,769,1767,18234,2715,433,2349,335,2468,4995,11568,127849,24884,2478,17359,20001,139417
8,40,117,54,279,2757,364,52,417,60,375,408,1797,21089,3565,336,3361,3036,22886
8,41,23,25,108,501,95,1,135,15,77,187,659,4049,1036,6,1176,609,4708
8,43,4,0,0,0,0,0,0,2,8,0,0,0,0,0,0,0,0
8,45,1,0,0,0,0,0,0,1,4,0,0,0,0,0,0,0,0
8,54,7,0,0,0,0,0,0,3,17,0,0,0,0,0,0,0,0
8,55,2,0,0,0,0,0,0,1,4,0,0,0,0,0,0,0,0
8,56,1,0,0,0,0,0,0,1,2,0,0,0,0,0,0,0,0
8,59,1,0,0,0,0,0,0,1,5,0,0,0,0,0,0,0,0
8,60,162,166,245,2588,1023,32,474,62,495,1438,1737,23470,10802,290,3993,2833,25207
8,61,26,49,38,338,96,10,75,16,88,405,393,3023,910,112,735,376,3416
8,64,297,827,650,6622,2256,109,1107,82,766,5696,4290,49838,19295,582,8119,7272,54128
8,65,1,0,0,0,0,0,0,1,5,0,0,0,0,0,0,0,0
8,71,10,3,0,131,16,9,7,3,25,15,0,942,145,97,70,131,942
8,90,44,0,0,0,0,0,0,2,90,0,0,0,0,0,0,0,0
8,113,5,0,0,0,0,0,0,2,10,0,0,0,0,0,0,0,0
8,121,3,0,0,0,0,0,0,1,6,0,0,0,0,0,0,0,0
9,30,1,0,0,0,0,0,0,1,2,0,0,0,0,0,0,0,0
9,32,1,0,0,0,0,0,0,1,6,0,0,0,0,0,0,0,0
9,33,249,144,667,3707,574,68,1538,125,739,1382,5257,32847,6200,519,13219,4374,38104
9,38,227,273,341,5349,870,103,551,72,658,2129,2108,41289,7907,573,4177,5690,43397
9,39,69,25,146,1482,150,64,260,32,207,187,903,10990,1684,373,1827,1628,11893
9,40,15,28,82,579,110,12,9,9,55,112,466,3832,1076,50,62,661,4298
9,43,1,0,0,0,0,0,0,1,6,0,0,0,0,0,0,0,0
9,44,2,0,0,0,0,0,0,2,6,0,0,0,0,0,0,0,0
9,46,10,0,0,0,0,0,0,1,30,0,0,0,0,0,0,0,0
9,50,7,8,8,148,18,13,0,6,25,118,88,1172,215,115,0,156,1260
9,59,1,0,0,0,0,0,0,1,4,0,0,0,0,0,0,0,0
9,60,3,0,0,0,0,0,0,2,7,0,0,0,0,0,0,0,0
9,64,16,0,0,0,0,0,0,5,42,0,0,0,0,0,0,0,0
9,71,15,0,7,140,45,3,0,4,42,0,21,708,194,6,0,147,729
9,96,4,0,0,0,0,0,0,2,8,0,0,0,0,0,0,0,0
9,101,3,0,0,0,0,0,0,1,5,0,0,0,0,0,0,0,0
9,122,3,3,21,184,25,8,0,3,6,3,35,446,67,14,0,205,481
10,31,5,0,0,0,0,0,0,2,12,0,0,0,0,0,0,0,0
10,32,52,39,114,719,111,12,266,27,138,339,961,6847,1380,145,2626,833,7808
10,36,68,301,165,1776,282,82,287,14,175,1452,1352,9581,1577,340,2188,1941,10933
10,37,142,301,440,2944,332,23,1047,38,413,2475,4202,23708,3492,152,8695,3384,27910
10,38,75,73,177,1304,334,53,57,28,195,510,1168,9568,3309,460,420,1481,10736
10,49,1,0,0,0,0,0,0,1,2,0,0,0,0,0,0,0,0
10,50,1,0,0,0,0,0,0,1,4,0,0,0,0,0,0,0,0
10,53,2,0,0,0,0,0,0,2,10,0,0,0,0,0,0,0,0
10,58,1,0,0,0,0,0,0,1,2,0,0,0,0,0,0,0,0
10,59,6,4,18,74,28,3,3,5,22,16,124,605,294,14,30,92,729
10,70,28,51,8,380,62,26,35,6,73,363,40,2849,532,215,213,388,2889
10,119,5,0,0,0,0,0,0,1,10,0,0,0,0,0,0,0,0
11,31,22,0,0,0,0,0,0,3,70,0,0,0,0,0,0,0,0
11,36,241,159,735,3613,645,53,799,78,618,1619,5098,29932,6664,479,6237,4348,35030
11,37,499,795,1597,8969,1921,209,1171,181,1348,4508,10711,66266,18455,1529,8749,10566,76977
11,38,108,424,1656,2775,581,215,207,23,258,1207,3506,11008,3639,528,799,4431,14514
11,48,23,20,30,284,128,16,0,10,64,162,143,2250,1217,72,0,314,2393
11,50,1,0,0,0,0,0,0,1,4,0,0,0,0,0,0,0,0
11,53,1,0,0,0,0,0,0,1,4,0,0,0,0,0,0,0,0
11,63,23,17,193,367,31,15,92,10,67,109,1220,2878,328,170,674,560,4098
11,69,15,18,10,456,96,17,36,4,30,72,28,2086,557,41,192,466,2114
11,100,3,0,0,0,0,0,0,2,7,0,0,0,0,0,0,0,0
12,11,1,0,0,0,0,0,0,1,2,0,0,0,0,0,0,0,0
12,31,97,147,50,2068,245,41,1043,44,304,1469,361,18908,2493,416,9535,2118,19269
12,36,191,129,431,2587,381,74,540,52,536,1056,3026,21821,3906,463,4775,3018,24847
12,37,16,6,37,255,72,23,16,8,50,36,220,1946,870,165,81,292,2166
12,38,1,0,0,0,0,0,0,1,2,0,0,0,0,0,0,0,0
12,47,1,0,0,0,0,0,0,1,6,0,0,0,0,0,0,0,0
12,62,3,0,0,0,0,0,0,2,8,0,0,0,0,0,0,0,0
12,63,257,182,493,4984,1217,261,677,132,761,1419,3593,42062,12768,2185,5338,5477,45655
12,92,146,43,1658,3103,225,1493,125,14,301,104,4282,4695,338,1758,433,4761,8977
12,104,27,39,425,737,92,147,24,6,64,57,1171,1624,139,331,31,1162,2795
13,26,1,0,0,0,0,0,0,1,4,0,0,0,0,0,0,0,0
13,30,21,0,0,0,0,0,0,5,68,0,0,0,0,0,0,0,0
13,36,47,91,82,1027,267,30,133,14,120,443,565,7209,2395,166,1060,1109,7774
13,46,1,0,0,0,0,0,0,1,5,0,0,0,0,0,0,0,0
13,54,6,0,0,0,0,0,0,3,19,0,0,0,0,0,0,0,0
13,69,350,358,377,8523,2031,421,2534,37,1015,2102,2759,52193,10488,1673,20834,8900,54952
13,127,3,2,2,395,28,44,3,3,10,4,2,650,44,59,30,397,652
14,29,54,12,78,1032,59,5,780,29,162,91,605,9709,708,47,7367,1110,10314
14,30,12,13,46,304,59,4,175,6,43,111,318,2629,640,42,1441,350,2947
14,37,9,17,2,176,83,0,3,4,21,101,24,1400,758,0,42,178,1424
14,38,25,64,22,465,191,2,8,10,66,450,164,3863,1835,14,56,487,4027
14,45,14,0,0,0,0,0,0,7,32,0,0,0,0,0,0,0,0
14,51,1,0,0,0,0,0,0,1,6,0,0,0,0,0,0,0,0
14,55,4,0,0,0,0,0,0,1,8,0,0,0,0,0,0,0,0
14,58,2,0,0,0,0,0,0,1,6,0,0,0,0,0,0,0,0
14,99,8,0,0,0,0,0,0,2,17,0,0,0,0,0,0,0,0
15,25,3,15,0,54,2,10,9,3,12,182,0,542,14,119,81,54,542
15,28,39,47,107,621,81,25,185,19,118,320,857,5522,940,256,1765,728,6379
15,29,5,0,0,0,0,0,0,3,12,0,0,0,0,0,0,0,0
15,37,68,36,30,567,263,25,16,14,152,241,150,5125,2802,178,106,597,5275
15,38,1,0,0,0,0,0,0,1,6,0,0,0,0,0,0,0,0
15,51,4,0,0,0,0,0,0,3,18,0,0,0,0,0,0,0,0
15,55,8,0,0,0,0,0,0,4,24,0,0,0,0,0,0,0,0
15,60,6,0,0,0,0,0,0,4,20,0,0,0,0,0,0,0,0
15,68,1,0,0,0,0,0,0,1,6,0,0,0,0,0,0,0,0
15,126,8,0,0,0,0,0,0,2,15,0,0,0,0,0,0,0,0
16,27,4,0,0,0,0,0,0,2,9,0,0,0,0,0,0,0,0
16,28,15,0,0,0,0,0,0,2,42,0,0,0,0,0,0,0,0
16,29,6,0,0,0,0,0,0,2,21,0,0,0,0,0,0,0,0
16,32,47,35,9,519,83,0,251,9,130,334,57,5307,1061,0,2708,528,5364
16,33,439,251,813,6309,679,145,1620,130,1157,2032,5186,51554,6900,820,14230,7122,56740
16,36,9,0,0,0,0,0,0,3,20,0,0,0,0,0,0,0,0
16,68,5,0,0,0,0,0,0,2,16,0,0,0,0,0,0,0,0
16,126,3,0,0,0,0,0,0,1,6,0,0,0,0,0,0,0,0
17,5,3,0,0,0,0,0,0,1,6,0,0,0,0,0,0,0,0
17,25,1,0,0,0,0,0,0,1,2,0,0,0,0,0,0,0,0
17,26,4,0,0,0,0,0,0,2,18,0,0,0,0,0,0,0,0
17,27,210,212,483,2595,223,99,1598,63,610,1743,5836,24149,2261,957,14790,3078,29985
17,28,7,4,14,98,2,9,66,3,20,16,142,849,34,116,543,112,991
17,31,16,17,26,232,11,5,4,6,46,114,122,1712,113,27,28,258,1834
17,32,20,52,18,366,100,17,24,8,56,532,129,3058,1007,78,137,384,3187
17,34,6,0,0,0,0,0,0,2,12,0,0,0,0,0,0,0,0
17,35,9,16,20,222,92,12,6,4,20,148,51,1644,729,88,38,242,1695
17,40,29,55,11,540,162,21,4,12,83,310,77,3752,1572,145,16,551,3829
17,53,8,0,0,0,0,0,0,3,26,0,0,0,0,0,0,0,0
17,67,2,0,0,0,0,0,0,1,6,0,0,0,0,0,0,0,0
17,68,5,0,0,0,0,0,0,2,16,0,0,0,0,0,0,0,0
18,24,6,0,13,62,0,0,11,3,21,0,157,805,0,0,146,75,962
18,25,222,164,466,3450,249,165,2053,71,628,1373,3748,30309,2733,1087,18099,3916,34057
18,26,1,0,0,0,0,0,0,1,3,0,0,0,0,0,0,0,0
18,27,27,43,52,374,46,14,174,10,90,302,367,3251,336,56,1539,426,3618
18,29,6,0,104,55,5,0,21,3,16,0,813,515,51,0,216,159,1328
18,30,10,0,0,0,0,0,0,4,22,0,0,0,0,0,0,0,0
18,35,4,0,0,0,0,0,0,3,21,0,0,0,0,0,0,0,0
18,48,16,61,15,544,166,22,1,8,46,426,43,4075,1645,96,1,559,4118
18,53,1,0,0,0,0,0,0,1,7,0,0,0,0,0,0,0,0
18,58,26,22,25,495,161,26,6,13,69,83,63,3144,1573,108,52,520,3207
18,66,114,142,111,2454,811,66,170,8,339,688,491,11389,3972,173,1016,2565,11880
18,126,12,0,0,0,0,0,0,2,25,0,0,0,0,0,0,0,0
19,24,8,0,13,136,31,2,63,6,30,0,88,1227,386,8,523,149,1315
19,25,61,25,45,868,46,16,677,16,173,255,323,8088,576,148,6284,913,8411
19,29,451,471,835,6826,641,115,2221,148,1256,4052,6887,56694,7253,1502,18758,7661,63581
19,37,13,0,0,0,0,0,0,3,26,0,0,0,0,0,0,0,0
19,65,1484,3271,3360,48082,10133,1410,3951,290,3885,15927,13771,270750,57273,5388,19549,51442,284521
19,67,2,0,0,0,0,0,0,1,4,0,0,0,0,0,0,0,0
19,126,3,0,0,0,0,0,0,2,6,0,0,0,0,0,0,0,0
20,23,1,0,0,0,0,0,0,1,4,0,0,0,0,0,0,0,0
20,24,206,367,590,3433,509,87,1108,109,648,3108,4088,30292,5122,699,10293,4023,34380
20,28,173,110,855,6531,271,44,962,37,458,899,5748,51752,2785,541,8027,7386,57500
20,29,55,72,108,605,187,20,110,18,130,966,747,6840,2891,275,892,713,7587
20,33,4,0,0,0,0,0,0,2,10,0,0,0,0,0,0,0,0
20,41,9,0,0,0,0,0,0,2,18,0,0,0,0,0,0,0,0
20,54,1,0,0,0,0,0,0,1,4,0,0,0,0,0,0,0,0
20,55,1,0,0,0,0,0,0,1,2,0,0,0,0,0,0,0,0
20,64,3,0,0,0,0,0,0,2,12,0,0,0,0,0,0,0,0
20,65,8,18,31,136,18,0,0,6,22,167,189,1028,197,0,0,167,1217
20,126,4,0,0,0,0,0,0,1,8,0,0,0,0,0,0,0,0
21,23,67,56,161,970,74,5,451,24,198,588,1221,8458,872,26,3960,1131,9679
21,24,7,0,0,0,0,0,0,2,14,0,0,0,0,0,0,0,0
21,27,2,0,0,0,0,0,0,1,8,0,0,0,0,0,0,0,0
21,28,1071,627,9153,23536,2254,171,6932,184,2809,4592,56878,169935,21247,822,51012,32689,226813
21,29,19,12,113,275,56,1,34,13,60,73,683,2216,534,7,258,388,2899
21,33,1,0,0,0,0,0,0,1,6,0,0,0,0,0,0,0,0
21,36,7,0,0,0,0,0,0,2,18,0,0,0,0,0,0,0,0
21,56,4,0,0,0,0,0,0,1,8,0,0,0,0,0,0,0,0
21,61,94,108,156,2326,418,97,159,37,250,595,720,14104,3109,538,978,2482,14824
21,64,113,258,142,2351,436,55,227,29,287,1681,852,16009,4215,254,1496,2493,16861
22,19,1,0,0,0,0,0,0,1,4,0,0,0,0,0,0,0,0
22,22,61,0,0,0,0,0,0,2,184,0,0,0,0,0,0,0,0
22,25,483,3609,6168,36597,4136,1873,2922,45,938,13957,19703,127726,17431,4685,17006,42765,147429
22,26,377,540,2056,7543,781,184,1220,166,1033,3151,13874,50050,6754,1263,8208,9599,63924
22,27,155,163,445,3350,442,22,397,48,425,1164,2847,25410,4545,200,2787,3795,28257
22,28,1,0,0,0,0,0,0,1,5,0,0,0,0,0,0,0,0
22,32,1,0,0,0,0,0,0,1,6,0,0,0,0,0,0,0,0
22,35,5,0,0,0,0,0,0,1,10,0,0,0,0,0,0,0,0
22,42,2,0,0,0,0,0,0,1,8,0,0,0,0,0,0,0,0
22,54,4,0,0,68,32,5,4,3,16,0,0,663,401,55,20,68,663
22,55,4,0,0,0,0,0,0,2,9,0,0,0,0,0,0,0,0
22,56,257,358,1028,8121,2366,278,679,92,694,1880,5822,39173,17237,911,4733,9149,44995
22,57,6,15,17,138,71,0,9,4,16,100,72,1098,674,0,78,155,1170
22,60,2,0,0,0,0,0,0,2,10,0,0,0,0,0,0,0,0
22,61,11,0,0,0,0,0,0,6,26,0,0,0,0,0,0,0,0
22,63,232,457,218,6652,2367,305,448,37,626,2336,1245,34365,12861,984,2278,6870,35610
22,64,245,424,454,4871,913,94,267,72,654,2983,2468,33135,8125,450,1703,5325,35603
22,126,3,0,0,0,0,0,0,1,6,0,0,0,0,0,0,0,0
23,24,82,44,216,1618,204,17,302,26,223,419,1657,12855,2094,192,2455,1834,14512
23,25,514,449,2762,7511,763,287,1974,64,1359,2169,13521,45581,5426,1464,12089,10273,59102
23,26,2602,3466,14758,71063,7977,1661,16163,351,7257,21565,72506,475180,63359,9835,117623,85821,547686
23,27,73,79,364,1654,236,23,160,35,216,549,2202,12978,2243,92,1024,2018,15180
23,53,1,0,0,0,0,0,0,1,4,0,0,0,0,0,0,0,0
23,54,2,0,0,0,0,0,0,1,10,0,0,0,0,0,0,0,0
23,56,4,3,5,157,67,2,18,3,11,13,31,1155,567,2,119,162,1186
23,63,51,37,92,693,164,9,71,19,140,263,616,5261,1543,42,398,785,5877
23,64,3,0,0,0,0,0,0,2,7,0,0,0,0,0,0,0,0
24,24,32,20,170,540,61,12,72,13,78,148,1442,4187,559,77,512,710,5629
24,25,23,20,179,388,37,1,70,11,58,82,1021,2172,328,2,428,567,3193
24,26,19,4,143,181,20,3,19,7,49,16,998,1227,218,17,130,324,2225
24,27,3,0,0,0,0,0,0,1,6,0,0,0,0,0,0,0,0
24,36,2,0,0,0,0,0,0,1,4,0,0,0,0,0,0,0,0
24,41,4,0,0,0,0,0,0,1,8,0,0,0,0,0,0,0,0
24,44,11,0,0,0,0,0,0,1,19,0,0,0,0,0,0,0,0
24,53,2,0,0,0,0,0,0,1,5,0,0,0,0,0,0,0,0
24,56,13,11,27,341,74,4,167,6,28,56,187,2887,780,34,1324,368,3074
24,63,1,0,0,0,0,0,0,1,4,0,0,0,0,0,0,0,0
24,64,2,0,0,0,0,0,0,2,6,0,0,0,0,0,0,0,0
24,71,1,0,0,0,0,0,0,1,6,0,0,0,0,0,0,0,0
25,24,165,0,0,0,0,0,0,1,534,0,0,0,0,0,0,0,0
25,26,7,0,18,122,41,8,2,3,20,0,137,1119,474,92,14,140,1256
25,32,10,6,0,199,72,0,0,3,22,84,0,2023,791,0,0,199,2023
25,37,1,0,0,0,0,0,0,1,4,0,0,0,0,0,0,0,0
25,40,9,0,0,0,0,0,0,2,18,0,0,0,0,0,0,0,0
25,41,4,0,0,0,0,0,0,1,9,0,0,0,0,0,0,0,0
25,56,1,0,0,0,0,0,0,1,4,0,0,0,0,0,0,0,0
25,57,18,38,8,215,89,0,6,5,39,254,28,1777,766,0,38,223,1805
25,59,3,0,0,0,0,0,0,2,6,0,0,0,0,0,0,0,0
25,63,5,7,0,97,47,0,12,3,12,69,0,954,579,0,94,97,954
26,23,20,0,0,0,0,0,0,5,58,0,0,0,0,0,0,0,0
26,31,5,0,0,0,0,0,0,1,14,0,0,0,0,0,0,0,0
26,32,37,49,155,462,145,11,17,14,98,288,1110,4114,1618,79,202,617,5224
26,34,3,0,0,0,0,0,0,1,6,0,0,0,0,0,0,0,0
26,36,2,0,0,0,0,0,0,1,10,0,0,0,0,0,0,0,0
26,37,4,0,0,0,0,0,0,1,8,0,0,0,0,0,0,0,0
26,47,11,0,0,0,0,0,0,5,30,0,0,0,0,0,0,0,0
26,57,2,0,0,0,0,0,0,1,8,0,0,0,0,0,0,0,0
27,17,6,11,24,103,12,10,29,4,18,35,142,801,135,54,195,127,943
27,23,2402,3733,5753,50893,9779,2122,13102,337,6819,28080,42616,389035,85603,15605,97494,56646,431651
27,24,25,0,0,0,0,0,0,4,88,0,0,0,0,0,0,0,0
27,31,4,0,0,0,0,0,0,1,8,0,0,0,0,0,0,0,0
27,33,1,0,0,0,0,0,0,1,6,0,0,0,0,0,0,0,0
27,34,9,0,23,27,1,0,0,3,20,0,163,78,2,0,0,50,241
27,51,2,0,0,0,0,0,0,1,4,0,0,0,0,0,0,0,0
27,127,3,0,0,0,0,0,0,2,6,0,0,0,0,0,0,0,0
28,23,147,85,361,2921,328,11,353,58,379,598,2566,22741,3019,117,2419,3282,25307
28,46,4,0,0,0,0,0,0,1,9,0,0,0,0,0,0,0,0
28,53,3,0,0,0,0,0,0,2,9,0,0,0,0,0,0,0,0
28,54,201,347,484,5009,1498,154,452,50,574,1603,2119,25331,9836,505,2003,5493,27450
28,81,2,0,0,0,0,0,0,1,4,0,0,0,0,0,0,0,0
29,29,24,33,101,389,122,60,21,5,52,147,227,2118,1142,222,68,490,2345
29,50,1,0,0,0,0,0,0,1,4,0,0,0,0,0,0,0,0
29,53,5,5,10,139,45,0,4,5,20,20,49,870,332,0,28,149,919
29,54,6,23,9,186,32,13,37,4,17,140,57,1141,245,61,294,195,1198
29,57,335,376,539,7166,2612,106,498,155,1005,2834,3429,59354,27613,650,3636,7705,62783
29,63,194,0,0,0,0,0,0,73,567,0,0,0,0,0,0,0,0
29,78,2,0,0,0,0,0,0,1,4,0,0,0,0,0,0,0,0
30,20,47,48,103,1142,125,17,166,13,115,411,791,9852,1444,185,1354,1245,10643
30,21,810,1579,1144,13190,3439,426,1314,169,2192,12471,8339,102523,30732,2863,9935,14334,110862
30,43,2,0,0,0,0,0,0,1,3,0,0,0,0,0,0,0,0
30,52,4,0,0,0,0,0,0,1,8,0,0,0,0,0,0,0,0
30,88,32,0,0,0,0,0,0,1,64,0,0,0,0,0,0,0,0
31,20,48,52,216,818,118,0,97,22,115,364,1525,6611,1126,0,802,1034,8136
31,35,6,0,0,0,0,0,0,1,12,0,0,0,0,0,0,0,0
31,48,4,0,0,0,0,0,0,1,8,0,0,0,0,0,0,0,0
31,52,1,0,0,0,0,0,0,1,2,0,0,0,0,0,0,0,0
31,107,3,0,0,0,0,0,0,1,6,0,0,0,0,0,0,0,0
32,47,3,0,2,76,6,6,0,3,8,0,10,369,66,24,0,78,379
32,48,3,0,0,0,0,0,0,2,15,0,0,0,0,0,0,0,0
32,49,7,9,0,91,47,0,13,3,17,62,0,830,535,0,81,91,830
32,50,6,6,2,161,85,0,1,6,22,38,8,1476,926,0,11,163,1484
32,51,4,0,19,66,20,0,12,4,15,0,127,423,102,0,84,85,550
32,98,2,0,0,0,0,0,0,1,4,0,0,0,0,0,0,0,0
32,127,11,0,0,0,0,0,0,3,24,0,0,0,0,0,0,0,0
33,48,1,0,0,0,0,0,0,1,2,0,0,0,0,0,0,0,0
33,50,80,98,267,1360,547,17,130,48,238,719,2062,11923,5672,123,1090,1627,13985
33,53,1,0,0,0,0,0,0,1,5,0,0,0,0,0,0,0,0
33,54,1,0,0,0,0,0,0,1,2,0,0,0,0,0,0,0,0
33,124,1,0,0,0,0,0,0,1,4,0,0,0,0,0,0,0,0
33,125,11,0,0,0,0,0,0,3,25,0,0,0,0,0,0,0,0
33,126,10,68,17,1383,193,153,3,4,28,132,20,2312,390,279,3,1400,2332
34,13,43,96,177,893,134,62,173,15,117,732,1162,6691,1257,526,1401,1070,7853
34,14,15,0,0,0,0,0,0,3,47,0,0,0,0,0,0,0,0
34,27,1,0,0,0,0,0,0,1,4,0,0,0,0,0,0,0,0
34,35,4,0,0,0,0,0,0,1,8,0,0,0,0,0,0,0,0
34,36,3,0,0,0,0,0,0,1,6,0,0,0,0,0,0,0,0
34,47,2,0,0,0,0,0,0,1,4,0,0,0,0,0,0,0,0
34,48,131,86,435,1235,371,15,211,44,328,566,2770,9191,3136,156,1618,1670,11961
34,51,5,0,0,0,0,0,0,2,26,0,0,0,0,0,0,0,0
34,119,71,138,217,8359,675,1036,35,15,166,240,350,12592,1213,1668,39,8576,12942
34,124,14,0,0,0,0,0,0,3,28,0,0,0,0,0,0,0,0
35,12,13,23,22,278,30,22,28,5,38,174,230,2483,314,301,216,300,2713
35,13,1554,2591,7413,28401,4494,1939,6445,497,4361,19697,47583,223013,42529,13589,52978,35814,270596
35,14,109,312,321,2440,323,222,761,39,292,1754,2015,16196,2899,1677,5782,2761,18211
35,37,7,0,0,0,0,0,0,2,13,0,0,0,0,0,0,0,0
35,48,5,0,0,0,0,0,0,4,18,0,0,0,0,0,0,0,0
35,50,1,0,0,0,0,0,0,1,6,0,0,0,0,0,0,0,0
35,51,262,305,673,5630,1524,62,1287,148,940,2081,4129,44425,15054,380,10144,6303,48554
35,54,1,0,0,0,0,0,0,1,4,0,0,0,0,0,0,0,0
35,107,2,0,0,0,0,0,0,1,5,0,0,0,0,0,0,0,0
35,118,16,0,0,0,0,0,0,4,37,0,0,0,0,0,0,0,0
35,119,11,0,0,0,0,0,0,6,28,0,0,0,0,0,0,0,0
35,120,91,185,104,6927,547,904,35,29,214,327,203,12470,1124,1559,50,7031,12673
36,13,37,67,104,670,137,75,171,22,117,677,858,6662,1597,793,1480,774,7520
36,14,833,1651,1071,15107,4839,1438,2303,170,2398,15412,8564,133460,52534,9852,18262,16178,142024
36,31,1,0,0,0,0,0,0,1,2,0,0,0,0,0,0,0,0
36,34,3,0,0,0,0,0,0,1,6,0,0,0,0,0,0,0,0
36,48,43,40,83,993,93,11,128,23,118,257,620,7796,859,83,1039,1076,8416
36,49,78,81,416,1675,324,34,224,62,297,606,2775,12591,3194,205,1587,2091,15366
36,54,1,0,0,0,0,0,0,1,4,0,0,0,0,0,0,0,0
36,74,12,0,0,0,0,0,0,2,53,0,0,0,0,0,0,0,0
36,117,146,0,0,0,0,0,0,5,431,0,0,0,0,0,0,0,0
36,118,43,142,241,5165,310,359,124,11,110,246,349,7043,496,573,142,5406,7392
37,10,10,0,0,0,0,0,0,1,30,0,0,0,0,0,0,0,0
37,13,120,0,0,0,0,0,0,1,360,0,0,0,0,0,0,0,0
37,16,49,42,20,762,248,44,45,5,153,260,148,4745,1888,218,190,782,4893
37,54,6,0,0,0,0,0,0,2,16,0,0,0,0,0,0,0,0
37,77,3,0,0,0,0,0,0,1,6,0,0,0,0,0,0,0,0
37,116,292,0,0,0,0,0,0,66,690,0,0,0,0,0,0,0,0
37,117,9,0,0,0,0,0,0,3,18,0,0,0,0,0,0,0,0
37,119,1,0,0,0,0,0,0,1,6,0,0,0,0,0,0,0,0
38,9,1,0,0,0,0,0,0,1,2,0,0,0,0,0,0,0,0
38,10,7,4,48,53,11,8,7,3,19,60,395,570,152,96,77,101,965
38,11,494,1447,1598,15895,4167,930,3818,4,1514,12407,9511,133507,44312,6730,29411,17493,143018
38,12,73,188,158,1323,304,56,67,26,203,1731,1309,9958,3569,267,520,1481,11267
38,24,4,0,0,0,0,0,0,1,8,0,0,0,0,0,0,0,0
38,77,9,0,0,0,0,0,0,5,26,0,0,0,0,0,0,0,0
38,115,3,0,0,0,0,0,0,2,9,0,0,0,0,0,0,0,0
39,9,24,30,63,467,113,24,71,12,75,251,467,3944,1134,173,609,530,4411
39,10,399,507,865,5887,993,442,801,153,1044,4549,6592,48990,10462,3993,5886,6752,55582
39,11,121,57,274,1858,137,112,86,62,333,327,1838,11965,1452,772,584,2132,13803
39,12,1309,1355,2053,17618,3157,812,1474,202,3695,10367,12713,113744,29267,4919,10769,19671,126457
39,15,5,0,0,0,0,0,0,2,14,0,0,0,0,0,0,0,0
39,56,1,0,0,0,0,0,0,1,4,0,0,0,0,0,0,0,0
39,58,5,0,0,0,0,0,0,2,9,0,0,0,0,0,0,0,0
40,10,131,270,226,2001,533,173,351,36,343,2648,1985,19616,6542,2067,2923,2227,21601
40,11,77,140,80,1216,212,70,126,21,182,1054,481,9137,2493,631,941,1296,9618
40,12,130,102,241,1960,141,78,62,55,354,876,1738,13159,1363,562,450,2201,14897
40,14,432,477,1242,8013,654,176,3258,30,1182,2726,8344,44376,4568,734,21492,9255,52720
40,15,71,158,74,1053,197,12,114,14,195,1036,410,8829,2362,19,1490,1127,9239
40,22,5,0,0,0,0,0,0,2,11,0,0,0,0,0,0,0,0
40,26,4,0,0,0,0,0,0,1,8,0,0,0,0,0,0,0,0
40,38,4,0,0,0,0,0,0,1,8,0,0,0,0,0,0,0,0
40,41,1,0,0,0,0,0,0,1,4,0,0,0,0,0,0,0,0
40,73,8,0,0,0,0,0,0,2,24,0,0,0,0,0,0,0,0
40,112,8,0,0,0,0,0,0,1,17,0,0,0,0,0,0,0,0
41,13,4,18,2,115,24,0,8,4,18,124,6,1021,309,0,97,117,1027
41,14,730,725,4096,10213,1625,154,2606,266,2087,5654,30873,82132,16680,1179,20828,14309,113005
41,20,4,0,0,0,0,0,0,2,8,0,0,0,0,0,0,0,0
41,26,3,0,0,0,0,0,0,1,6,0,0,0,0,0,0,0,0
41,37,5,0,0,0,0,0,0,2,11,0,0,0,0,0,0,0,0
42,11,24,12,7,94,56,0,0,5,58,90,44,754,477,0,0,101,798
42,13,28,39,62,490,89,1,92,9,73,427,501,4545,1066,10,745,552,5046
42,14,141,57,714,1997,417,40,369,61,377,368,5139,15389,4389,170,2956,2711,20528
42,19,1,0,0,0,0,0,0,1,2,0,0,0,0,0,0,0,0
42,20,1,0,0,0,0,0,0,1,4,0,0,0,0,0,0,0,0
42,24,3,0,0,0,0,0,0,2,10,0,0,0,0,0,0,0,0
42,32,2,0,0,0,0,0,0,1,4,0,0,0,0,0,0,0,0
43,11,1,0,0,0,0,0,0,1,2,0,0,0,0,0,0,0,0
43,23,2,0,0,0,0,0,0,1,7,0,0,0,0,0,0,0,0
43,24,3,0,0,0,0,0,0,1,6,0,0,0,0,0,0,0,0
43,33,11,0,0,0,0,0,0,3,22,0,0,0,0,0,0,0,0
43,55,5,0,0,0,0,0,0,1,10,0,0,0,0,0,0,0,0
43,93,5,0,0,0,0,0,0,2,10,0,0,0,0,0,0,0,0
44,25,3,0,0,0,0,0,0,1,6,0,0,0,0,0,0,0,0
45,22,4,0,0,0,0,0,0,1,7,0,0,0,0,0,0,0,0
45,70,4,0,0,0,0,0,0,2,8,0,0,0,0,0,0,0,0
46,0,76,126,195,955,114,106,233,38,212,1000,1410,7584,1048,841,1804,1150,8994
46,9,2,0,0,0,0,0,0,1,4,0,0,0,0,0,0,0,0
46,13,4,0,0,0,0,0,0,1,7,0,0,0,0,0,0,0,0
46,16,2,0,0,0,0,0,0,2,8,0,0,0,0,0,0,0,0
46,56,21,0,0,0,0,0,0,3,64,0,0,0,0,0,0,0,0
46,111,2,0,0,0,0,0,0,1,4,0,0,0,0,0,0,0,0
47,8,48,23,89,863,133,15,47,23,132,165,731,6985,1362,100,351,952,7716
47,9,2,0,0,0,0,0,0,1,6,0,0,0,0,0,0,0,0
47,31,3,0,0,0,0,0,0,1,7,0,0,0,0,0,0,0,0
48,7,934,1606,2908,18283,2467,437,1448,366,2614,10548,18958,143155,23729,3189,11066,21191,162113
48,8,40,26,167,631,93,20,33,17,108,147,1024,4560,704,150,238,798,5584
48,18,4,0,0,0,0,0,0,1,8,0,0,0,0,0,0,0,0
48,90,3,0,0,0,0,0,0,1,6,0,0,0,0,0,0,0,0
49,7,157,183,227,3110,539,33,326,59,432,1237,1299,24612,5395,187,2312,3337,25911
49,8,144,242,303,3314,544,43,269,59,429,1640,1729,26070,5496,370,1902,3617,27799
49,11,1,0,0,0,0,0,0,1,5,0,0,0,0,0,0,0,0
49,12,1,0,0,0,0,0,0,1,2,0,0,0,0,0,0,0,0
49,21,1,0,0,0,0,0,0,1,2,0,0,0,0,0,0,0,0
49,23,5,0,0,0,0,0,0,3,16,0,0,0,0,0,0,0,0
50,7,166,217,426,4224,554,81,492,54,431,1519,2889,28743,4304,513,3137,4650,31632
50,8,418,548,1813,7312,1023,213,833,176,1122,3315,10118,49370,8931,1300,4524,9125,59488
50,9,87,64,421,1346,218,28,112,44,235,414,3188,9856,1945,218,766,1767,13044
50,16,1,0,0,0,0,0,0,1,6,0,0,0,0,0,0,0,0
50,57,1,0,0,0,0,0,0,1,4,0,0,0,0,0,0,0,0
50,78,4,0,0,0,0,0,0,1,13,0,0,0,0,0,0,0,0
51,5,53,93,169,661,58,52,127,35,139,820,1542,5774,540,610,957,830,7316
51,7,11,24,19,356,24,4,44,3,22,124,93,2056,159,14,308,375,2149
51,8,4397,9838,32463,131247,15117,3286,11574,1027,10833,50005,118187,699249,105728,13888,63047,163710,817436
51,9,18,13,7,203,69,3,6,8,50,77,53,1620,604,18,48,210,1673
51,24,1,0,0,0,0,0,0,1,4,0,0,0,0,0,0,0,0
52,4,127,47,588,583,159,31,44,30,377,337,5155,4854,1398,304,411,1171,10009
52,5,10,0,0,0,0,0,0,6,32,0,0,0,0,0,0,0,0
52,6,5,0,0,0,0,0,0,2,12,0,0,0,0,0,0,0,0
52,7,1042,1161,2440,25676,2424,217,3158,346,2868,8267,16090,187851,22947,1621,22948,28116,203941
52,8,60,38,315,1329,89,23,196,22,162,192,1671,8620,813,145,1182,1644,10291
52,11,1,0,0,0,0,0,0,1,2,0,0,0,0,0,0,0,0
52,24,1,0,0,0,0,0,0,1,4,0,0,0,0,0,0,0,0
53,4,6,3,1,57,0,0,6,4,12,13,3,556,0,0,16,58,559
53,6,57,43,95,1062,109,19,175,26,141,354,713,8985,1180,238,1544,1157,9698
53,7,34,13,69,573,124,21,61,16,106,91,507,4860,1357,206,504,642,5367
53,12,1,0,0,0,0,0,0,1,2,0,0,0,0,0,0,0,0
53,23,4,0,0,0,0,0,0,1,12,0,0,0,0,0,0,0,0
53,70,25,7,119,373,41,76,16,11,61,13,484,748,80,266,20,492,1232
53,73,1,0,0,0,0,0,0,1,4,0,0,0,0,0,0,0,0
54,11,70,116,213,1777,368,85,69,33,190,687,993,9768,3229,350,419,1990,10761
54,12,1,0,0,0,0,0,0,1,2,0,0,0,0,0,0,0,0
55,1,6,0,16,28,6,5,7,3,14,0,125,251,69,67,49,44,376
55,2,4,0,20,33,0,0,4,4,13,0,159,257,0,0,48,53,416
55,5,18,0,0,0,0,0,0,2,46,0,0,0,0,0,0,0,0
55,8,2,0,0,0,0,0,0,2,4,0,0,0,0,0,0,0,0
56,1,244,136,817,7924,778,254,130,35,703,901,4917,31373,3581,1239,739,8741,36290
56,2,11,4,29,28,0,7,6,6,26,26,282,350,0,86,44,57,632
56,5,29,54,35,689,246,6,80,22,94,512,357,7134,3142,35,671,724,7491
56,8,3,0,0,0,0,0,0,1,6,0,0,0,0,0,0,0,0
56,13,61,42,93,950,483,25,57,34,182,388,664,8546,5451,123,526,1043,9210
56,14,14,25,17,171,67,3,11,6,36,529,111,1721,674,12,72,188,1832
57,9,38,0,0,0,0,0,0,1,64,0,0,0,0,0,0,0,0
57,19,3,0,0,0,0,0,0,2,10,0,0,0,0,0,0,0,0
57,79,2,0,0,0,0,0,0,1,6,0,0,0,0,0,0,0,0
58,3,32,0,40,385,35,9,39,8,67,0,263,2665,193,32,350,425,2928
58,8,3,0,7,84,13,10,4,3,8,0,36,317,33,15,4,91,353
58,11,8,3,19,113,21,0,23,4,16,9,136,662,133,0,185,132,798
58,12,48,61,129,813,249,20,45,22,121,393,848,5895,2460,116,293,942,6743
58,97,1,0,0,0,0,0,0,1,2,0,0,0,0,0,0,0,0
59,2,1,0,0,0,0,0,0,1,2,0,0,0,0,0,0,0,0
59,6,26,23,80,780,66,69,7,17,64,78,316,2116,186,158,12,860,2432
59,7,61,75,286,3028,297,258,105,47,151,279,983,9642,1148,840,403,3314,10625
59,8,34,65,107,1393,157,75,41,23,98,296,257,5538,835,284,152,1500,5795
59,10,2,0,0,0,0,0,0,1,6,0,0,0,0,0,0,0,0
59,11,6,0,8,65,14,0,10,3,12,0,44,386,70,0,54,73,430
59,12,15,9,11,241,82,13,52,10,40,85,58,2091,965,53,470,252,2149
59,19,7,0,0,0,0,0,0,4,20,0,0,0,0,0,0,0,0
59,28,2,0,0,0,0,0,0,1,4,0,0,0,0,0,0,0,0
59,98,13,0,0,0,0,0,0,4,34,0,0,0,0,0,0,0,0
60,2,43,33,98,861,142,27,102,13,117,226,466,5189,1196,96,422,959,5655
60,3,5,0,0,0,0,0,0,2,12,0,0,0,0,0,0,0,0
60,4,5,4,9,96,9,7,0,3,12,18,163,362,19,27,0,105,525
60,6,3543,12972,33569,174359,27863,6922,6383,516,8668,69342,96905,859992,182005,26699,31163,207928,956897
60,7,101,68,391,3337,353,188,64,50,250,251,2228,10988,1951,441,220,3728,13216
60,8,15,8,32,440,44,33,21,10,37,64,170,1839,273,52,61,472,2009
60,9,9,26,18,294,57,17,5,5,26,155,71,1609,427,23,13,312,1680
60,10,15,0,5,337,49,6,3,3,47,0,21,2278,329,42,27,342,2299
60,11,5,2,13,167,27,2,6,5,15,7,37,717,229,4,28,180,754
60,12,61,123,189,2366,474,120,99,36,158,662,928,10443,3312,482,526,2555,11371
60,17,7,9,8,452,39,35,8,4,17,13,26,862,86,68,9,460,888
61,2,47,45,140,740,127,39,24,10,101,212,515,4413,943,224,106,880,4928
61,4,8,8,41,245,15,33,1,6,26,21,158,724,70,86,1,286,882
61,5,25,22,78,772,85,77,3,21,66,75,513,3020,458,312,14,850,3533
61,6,24,18,71,638,51,75,18,20,71,67,435,1717,153,209,71,709,2152
61,8,3,0,0,0,0,0,0,1,10,0,0,0,0,0,0,0,0
61,9,13,11,67,561,101,27,2,6,36,12,541,1820,688,56,6,628,2361
61,10,3,0,0,0,0,0,0,2,8,0,0,0,0,0,0,0,0
61,11,2,0,0,0,0,0,0,2,6,0,0,0,0,0,0,0,0
61,16,39,72,49,1485,395,178,36,6,108,116,79,2164,546,235,53,1534,2243
61,17,8,16,50,1057,74,85,26,5,26,24,80,1698,150,158,52,1107,1778
62,2,7,0,0,0,0,0,0,2,18,0,0,0,0,0,0,0,0
62,3,4,7,25,206,22,26,0,4,10,33,58,815,173,68,0,231,873
62,5,3,2,8,123,13,15,7,3,10,2,34,448,27,116,49,131,482
62,8,3,0,0,0,0,0,0,2,12,0,0,0,0,0,0,0,0
62,10,2,0,0,0,0,0,0,2,8,0,0,0,0,0,0,0,0
62,15,189,819,1885,12730,1684,711,308,51,496,1516,5547,25147,3580,1401,679,14615,30694
62,16,11,52,35,1093,150,80,18,5,24,88,50,2024,382,113,30,1128,2074
62,19,6,0,0,0,0,0,0,2,14,0,0,0,0,0,0,0,0
63,2,1,0,0,0,0,0,0,1,4,0,0,0,0,0,0,0,0
63,3,1,0,0,0,0,0,0,1,4,0,0,0,0,0,0,0,0
63,6,1,0,0,0,0,0,0,1,8,0,0,0,0,0,0,0,0
63,7,2,0,0,0,0,0,0,1,8,0,0,0,0,0,0,0,0
63,13,32,0,0,0,0,0,0,2,94,0,0,0,0,0,0,0,0
63,14,2,0,0,0,0,0,0,1,4,0,0,0,0,0,0,0,0
63,15,1,0,0,0,0,0,0,1,2,0,0,0,0,0,0,0,0
63,19,1,0,0,0,0,0,0,1,2,0,0,0,0,0,0,0,0
63,26,4,0,0,0,0,0,0,1,12,0,0,0,0,0,0,0,0
64,6,12,54,30,409,192,13,0,12,60,434,209,3825,2025,65,0,439,4034
64,13,7,10,13,230,34,19,1,3,18,22,14,440,138,21,1,243,454
64,19,1,0,0,0,0,0,0,1,4,0,0,0,0,0,0,0,0
65,0,570,304,921,11302,1390,288,733,241,1610,2326,7041,91428,13996,2364,6010,12223,98469
65,11,112,418,1021,17989,2249,575,113,26,263,678,1649,27551,5004,907,247,19010,29200
65,12,1,0,0,0,0,0,0,1,2,0,0,0,0,0,0,0,0
65,13,1,0,0,0,0,0,0,1,2,0,0,0,0,0,0,0,0
66,5,1,0,0,0,0,0,0,1,4,0,0,0,0,0,0,0,0
66,11,12,18,27,329,48,25,6,5,31,31,57,957,165,51,17,356,1014
67,22,1,0,0,0,0,0,0,1,3,0,0,0,0,0,0,0,0
67,25,20,0,0,0,0,0,0,4,39,0,0,0,0,0,0,0,0
68,0,10,29,34,288,88,38,2,7,32,155,66,1622,683,130,2,322,1688
68,20,1,0,0,0,0,0,0,1,4,0,0,0,0,0,0,0,0
68,21,1,0,0,0,0,0,0,1,4,0,0,0,0,0,0,0,0
68,22,7,0,0,0,0,0,0,2,15,0,0,0,0,0,0,0,0
68,30,3,0,0,0,0,0,0,3,17,0,0,0,0,0,0,0,0
69,0,1,0,0,0,0,0,0,1,3,0,0,0,0,0,0,0,0
69,13,6,0,0,0,0,0,0,4,21,0,0,0,0,0,0,0,0
69,15,3,0,0,0,0,0,0,2,10,0,0,0,0,0,0,0,0
69,19,1,0,0,0,0,0,0,1,6,0,0,0,0,0,0,0,0
69,20,14,14,55,312,75,28,0,3,35,36,69,942,319,85,0,367,1011
69,33,1,0,0,0,0,0,0,1,4,0,0,0,0,0,0,0,0
70,0,7,0,39,93,5,4,0,4,18,0,259,573,21,36,0,132,832
70,20,2,0,0,0,0,0,0,1,8,0,0,0,0,0,0,0,0
70,23,3,0,0,0,0,0,0,1,6,0,0,0,0,0,0,0,0
70,31,2,0,0,0,0,0,0,1,8,0,0,0,0,0,0,0,0
70,35,5,7,0,114,16,4,9,3,14,20,0,654,78,18,46,114,654
70,89,2,0,0,0,0,0,0,1,4,0,0,0,0,0,0,0,0
71,3,1,0,0,0,0,0,0,1,6,0,0,0,0,0,0,0,0
71,10,10,0,0,0,0,0,0,1,20,0,0,0,0,0,0,0,0
71,12,3,0,0,0,0,0,0,2,10,0,0,0,0,0,0,0,0
71,16,1,0,0,0,0,0,0,1,4,0,0,0,0,0,0,0,0
72,22,1,0,0,0,0,0,0,1,4,0,0,0,0,0,0,0,0
72,35,1,0,0,0,0,0,0,1,4,0,0,0,0,0,0,0,0
73,12,3,0,0,0,0,0,0,1,6,0,0,0,0,0,0,0,0
73,20,1,0,0,0,0,0,0,1,5,0,0,0,0,0,0,0,0
74,15,1,0,0,0,0,0,0,1,6,0,0,0,0,0,0,0,0
74,33,1,0,0,0,0,0,0,1,6,0,0,0,0,0,0,0,0
76,16,1,0,0,0,0,0,0,1,4,0,0,0,0,0,0,0,0
76,25,3,0,0,0,0,0,0,1,6,0,0,0,0,0,0,0,0
77,0,1,0,0,0,0,0,0,1,4,0,0,0,0,0,0,0,0
77,3,4,0,0,0,0,0,0,1,8,0,0,0,0,0,0,0,0
77,24,4,0,0,0,0,0,0,1,8,0,0,0,0,0,0,0,0
77,25,4,0,0,0,0,0,0,3,12,0,0,0,0,0,0,0,0
79,2,1,0,0,0,0,0,0,1,2,0,0,0,0,0,0,0,0
80,10,5,0,0,0,0,0,0,1,10,0,0,0,0,0,0,0,0
80,22,21,16,156,251,26,31,4,5,47,39,402,1060,135,138,6,407,1462
80,23,1,0,0,0,0,0,0,1,2,0,0,0,0,0,0,0,0
81,8,1,0,0,0,0,0,0,1,6,0,0,0,0,0,0,0,0
81,23,5,0,0,0,0,0,0,2,8,0,0,0,0,0,0,0,0
82,7,3,0,0,0,0,0,0,1,6,0,0,0,0,0,0,0,0
82,22,1,0,0,0,0,0,0,1,2,0,0,0,0,0,0,0,0
82,42,32,0,0,0,0,0,0,5,69,0,0,0,0,0,0,0,0
83,12,2,0,0,0,0,0,0,1,4,0,0,0,0,0,0,0,0
83,19,1,0,0,0,0,0,0,1,4,0,0,0,0,0,0,0,0
83,23,2,0,0,0,0,0,0,2,10,0,0,0,0,0,0,0,0
84,42,8,0,0,0,0,0,0,2,14,0,0,0,0,0,0,0,0
84,46,30,0,0,0,0,0,0,1,46,0,0,0,0,0,0,0,0
85,11,1,0,0,0,0,0,0,1,6,0,0,0,0,0,0,0,0
86,18,1,0,0,0,0,0,0,1,3,0,0,0,0,0,0,0,0
88,18,2,0,0,0,0,0,0,1,8,0,0,0,0,0,0,0,0
89,20,2,0,0,0,0,0,0,1,4,0,0,0,0,0,0,0,0
95,36,3,0,0,0,0,0,0,3,15,0,0,0,0,0,0,0,0
99,29,1,0,0,0,0,0,0,1,6,0,0,0,0,0,0,0,0
100,2,3,0,0,0,0,0,0,1,6,0,0,0,0,0,0,0,0
100,36,3,0,0,0,0,0,0,1,6,0,0,0,0,0,0,0,0
101,36,3,0,0,0,0,0,0,1,6,0,0,0,0,0,0,0,0
102,0,2,0,0,0,0,0,0,1,4,0,0,0,0,0,0,0,0
102,1,4,0,0,84,24,0,0,3,14,0,0,776,239,0,0,84,776
103,29,3,0,0,0,0,0,0,1,12,0,0,0,0,0,0,0,0
104,10,1,0,0,0,0,0,0,1,4,0,0,0,0,0,0,0,0
104,28,3,0,0,0,0,0,0,1,6,0,0,0,0,0,0,0,0
105,28,3,0,0,0,0,0,0,1,6,0,0,0,0,0,0,0,0
105,29,2,0,0,0,0,0,0,1,4,0,0,0,0,0,0,0,0
107,0,1,0,0,0,0,0,0,1,6,0,0,0,0,0,0,0,0
110,3,1,0,0,0,0,0,0,1,4,0,0,0,0,0,0,0,0
110,4,1,0,0,0,0,0,0,1,4,0,0,0,0,0,0,0,0
110,11,3,0,0,0,0,0,0,1,10,0,0,0,0,0,0,0,0
112,5,3,0,0,0,0,0,0,1,8,0,0,0,0,0,0,0,0
112,21,1,0,0,0,0,0,0,1,6,0,0,0,0,0,0,0,0
113,6,2,0,0,0,0,0,0,2,7,0,0,0,0,0,0,0,0
115,15,1,0,0,0,0,0,0,1,6,0,0,0,0,0,0,0,0
116,0,13,15,0,231,33,0,8,4,34,171,0,2045,349,0,9,231,2045
116,2,9,0,29,128,53,0,0,3,18,0,48,1175,511,0,0,157,1223
117,15,2,0,0,0,0,0,0,2,11,0,0,0,0,0,0,0,0
119,7,10,0,0,0,0,0,0,3,20,0,0,0,0,0,0,0,0
119,11,3,0,0,0,0,0,0,1,6,0,0,0,0,0,0,0,0
119,12,6,0,0,0,0,0,0,2,13,0,0,0,0,0,0,0,0
119,16,6,0,0,0,0,0,0,1,12,0,0,0,0,0,0,0,0
120,7,64,69,3821,6930,843,117,128,9,112,124,7068,7785,961,288,268,10751,14853
120,10,6,0,0,0,0,0,0,1,10,0,0,0,0,0,0,0,0
120,16,5,0,0,0,0,0,0,2,14,0,0,0,0,0,0,0,0
121,5,8,0,0,0,0,0,0,2,15,0,0,0,0,0,0,0,0
121,7,6,0,0,0,0,0,0,1,12,0,0,0,0,0,0,0,0
121,14,3,0,0,0,0,0,0,1,6,0,0,0,0,0,0,0,0
123,9,3,0,0,0,0,0,0,1,8,0,0,0,0,0,0,0,0
124,1,4,0,0,0,0,0,0,2,8,0,0,0,0,0,0,0,0
126,0,13,17,12,162,81,0,0,5,31,98,48,1472,887,0,0,174,1520
