x,y,ACCOMMODATION UNITS (ROOMS APARTMENTS CAMPING SITES) - TOTAL,A_AUSTRIAN TOURISTS,A_DOMESTIC TOURISTS - TOTAL,A_FOREIGN TOURISTS - TOTAL,A_GERMAN TOURISTS,A_ITALIAN TOURISTS,A_SLOVENIAN TOURISTS,ESTABLISHMENTS - TOTAL,NUMBER OF PERMANENT BEDS,N_AUSTRIAN TOURISTS,N_DOMESTIC TOURISTS - TOTAL,N_FOREIGN TOURISTS - TOTAL,N_GERMAN TOURISTS,N_ITALIAN TOURISTS,N_SLOVENIAN TOURISTS,TOTAL ARRIVALS,TOTAL NIGHTS
56,126,46,53,191,563,63,32,273,26,123,477,1474,5151,799,191,2578,754,6625
57,126,1,0,0,0,0,0,0,1,2,0,0,0,0,0,0,0,0
63,124,450,30,52,769,107,29,9,49,1036,197,380,5649,922,204,63,821,6029
63,125,55,64,105,1846,175,23,141,15,135,520,460,13393,1502,141,937,1951,13853
63,126,461,599,394,10356,1407,347,334,165,1366,4391,2378,80968,13179,2679,2390,10750,83346
63,127,908,890,2626,19768,2757,594,1440,402,2496,6368,13400,147477,26071,4056,10155,22394,160877
64,123,406,502,440,10133,1118,174,536,175,1262,3432,2593,78719,9983,1104,4186,10573,81312
64,124,1752,4536,2907,53438,9718,1784,3855,488,5255,30573,18432,368199,70232,9238,31635,56345,386631
64,125,155,204,146,3097,322,60,87,60,454,1385,1004,22635,2704,343,670,3243,23639
64,126,828,665,1528,16033,1794,379,2304,333,2452,6423,12537,138010,19750,3050,21582,17561,150547
64,127,86,107,164,1858,454,70,303,27,279,899,1102,14413,4334,356,2509,2022,15515
65,121,230,218,149,4502,697,63,308,96,696,1705,1114,39090,7320,485,2872,4651,40204
65,122,1652,2054,2888,38095,4423,630,1895,630,4879,13990,19847,301700,41840,4090,15266,40983,321547
65,123,496,440,701,11893,1172,134,598,209,1572,3687,5346,98457,11842,974,4773,12594,103803
65,124,2,0,0,0,0,0,0,1,7,0,0,0,0,0,0,0,0
65,125,2,0,0,0,0,0,0,2,8,0,0,0,0,0,0,0,0
65,126,1,0,0,0,0,0,0,1,2,0,0,0,0,0,0,0,0
66,121,207,188,245,4373,629,79,307,98,641,1525,1864,39364,6470,724,2720,4618,41228
66,122,37,33,30,797,155,10,41,15,106,320,174,6511,1540,113,284,827,6685
66,123,6,0,0,0,0,0,0,5,22,0,0,0,0,0,0,0,0
66,125,4,0,0,0,0,0,0,2,8,0,0,0,0,0,0,0,0
67,102,7,2,11,71,6,8,24,6,24,18,55,722,52,33,437,82,777
67,121,511,514,275,11028,1306,127,728,226,1612,4173,2020,98022,13850,1122,7060,11303,100042
67,122,3,0,0,0,0,0,0,2,10,0,0,0,0,0,0,0,0
67,124,2,0,0,0,0,0,0,1,9,0,0,0,0,0,0,0,0
68,119,62,130,117,1043,147,27,130,30,161,1200,1003,9296,1317,277,1109,1160,10299
68,120,13,53,12,268,79,4,21,8,48,455,90,2537,805,56,234,280,2627
68,121,8,0,0,54,16,0,4,5,24,0,0,429,127,0,36,54,429
68,122,7,0,0,0,0,0,0,3,16,0,0,0,0,0,0,0,0
68,123,4,7,4,99,60,0,0,4,12,37,20,885,640,0,0,103,905
68,125,8,0,0,0,0,0,0,3,22,0,0,0,0,0,0,0,0
68,127,3,0,0,0,0,0,0,1,6,0,0,0,0,0,0,0,0
69,105,58,37,376,1228,94,51,116,21,140,320,2257,8184,774,282,1062,1604,10441
69,119,12,0,0,0,0,0,0,4,26,0,0,0,0,0,0,0,0
69,121,455,480,308,9887,2074,138,554,211,1437,4038,2252,88788,22949,1178,4815,10195,91040
69,122,728,311,768,13818,1580,224,652,283,2090,2359,5202,112227,15812,1473,5032,14586,117429
69,123,7,0,0,0,0,0,0,5,19,0,0,0,0,0,0,0,0
69,126,2,0,0,0,0,0,0,2,5,0,0,0,0,0,0,0,0
70,104,5,0,0,0,0,0,0,4,14,0,0,0,0,0,0,0,0
70,105,585,367,5201,10402,662,394,1648,169,1652,2875,28693,67179,4549,2613,11793,15603,95872
70,106,5,0,0,0,0,0,0,3,10,0,0,0,0,0,0,0,0
70,119,2,0,0,0,0,0,0,2,8,0,0,0,0,0,0,0,0
70,120,51,91,4,734,205,31,71,30,157,772,42,6750,2264,312,722,738,6792
70,122,77,59,53,1585,341,28,63,34,233,497,384,13247,2971,381,510,1638,13631
70,123,15,0,12,258,53,15,0,11,50,0,56,2258,669,61,0,270,2314
70,124,3,0,0,0,0,0,0,1,6,0,0,0,0,0,0,0,0
70,127,2,0,0,0,0,0,0,1,8,0,0,0,0,0,0,0,0
71,104,22,0,0,0,0,0,0,9,53,0,0,0,0,0,0,0,0
71,105,1,0,0,0,0,0,0,1,2,0,0,0,0,0,0,0,0
71,121,66,110,17,1631,366,22,64,32,221,836,119,14347,3710,131,568,1648,14466
71,122,1367,2391,740,48322,11675,1452,1453,311,3970,18242,5367,364746,98401,8439,9832,49062,370113
71,125,4,0,0,0,0,0,0,2,10,0,0,0,0,0,0,0,0
71,126,4,0,0,0,0,0,0,1,8,0,0,0,0,0,0,0,0
71,127,7,12,0,78,17,0,0,5,27,98,0,679,146,0,0,78,679
72,104,16,16,37,238,29,14,7,11,46,154,495,1459,196,119,49,275,1954
72,105,557,204,5396,13863,621,623,1899,214,1370,1300,25037,66939,3238,3054,11824,19259,91976
72,106,44,19,260,978,47,63,103,24,116,148,1506,5594,277,527,1259,1238,7100
72,118,159,266,399,3291,537,112,325,75,458,2386,3208,25759,4908,1023,3058,3690,28967
72,122,2307,2615,18560,114540,11603,3352,3926,477,5758,13124,60729,432436,72230,10733,23644,133100,493165
72,123,114,69,102,2906,351,147,38,65,336,433,439,15291,2476,598,206,3008,15730
72,126,4,0,0,0,0,0,0,1,8,0,0,0,0,0,0,0,0
73,104,219,156,640,3526,286,384,704,107,645,1261,4974,28538,2385,3060,7685,4166,33512
73,105,6,0,0,0,0,0,0,3,12,0,0,0,0,0,0,0,0
73,106,13,9,56,169,11,31,48,5,30,96,483,1583,126,320,520,225,2066
73,118,26,25,60,461,105,8,80,22,88,193,444,4359,1077,148,728,521,4803
73,119,5,0,0,0,0,0,0,3,14,0,0,0,0,0,0,0,0
73,121,1713,1645,1495,42202,8306,1082,1866,661,5307,12218,11105,322299,73624,5562,13924,43697,333404
73,122,2887,3126,3786,99306,11835,3174,2098,1156,8176,16690,17888,520538,81088,11278,13853,103092,538426
73,123,150,102,476,3375,520,139,149,77,462,705,1077,22599,5102,646,1052,3851,23676
73,124,32,0,16,559,155,5,7,23,130,0,113,4593,1607,26,47,575,4706
74,105,126,91,298,1909,154,123,445,44,377,853,3377,17164,1408,1314,4926,2207,20541
74,117,2,0,0,0,0,0,0,1,4,0,0,0,0,0,0,0,0
74,118,163,130,879,2131,392,79,199,66,631,1044,5622,18000,4006,732,1887,3010,23622
74,122,796,773,1467,32648,3571,623,1249,289,2436,4657,6020,163360,27405,2341,8811,34115,169380
74,123,17,0,28,282,18,3,16,6,49,0,64,2057,127,25,93,310,2121
74,124,167,184,198,3859,590,43,205,92,530,1356,1339,30335,5935,258,2136,4057,31674
74,125,9,0,0,0,0,0,0,4,24,0,0,0,0,0,0,0,0
75,116,2,0,0,0,0,0,0,2,10,0,0,0,0,0,0,0,0
75,117,34,56,73,636,184,21,22,19,110,475,438,5856,1811,196,248,709,6294
75,118,277,164,902,3877,309,165,884,104,826,1262,7676,34455,3258,1548,9147,4779,42131
75,122,636,480,276,14461,1274,124,916,246,1818,4051,2101,119924,12521,861,7762,14737,122025
75,124,1646,1099,3765,47325,5257,1213,2665,668,4782,6886,14863,281602,42951,4398,18296,51090,296465
75,125,6,0,9,167,31,0,1,5,28,0,45,1130,317,0,6,176,1175
75,127,5,0,0,0,0,0,0,2,14,0,0,0,0,0,0,0,0
76,81,2,0,0,0,0,0,0,1,4,0,0,0,0,0,0,0,0
76,116,2,0,0,0,0,0,0,2,9,0,0,0,0,0,0,0,0
76,117,240,182,452,3643,479,110,956,104,690,1656,3468,31651,4616,937,8950,4095,35119
76,124,564,918,2410,19816,2306,559,567,332,1812,4146,7035,105499,17546,2472,2920,22226,112534
76,125,2,0,0,0,0,0,0,1,8,0,0,0,0,0,0,0,0
77,110,1,0,0,0,0,0,0,1,2,0,0,0,0,0,0,0,0
77,122,272,235,368,14600,973,378,93,214,704,877,1091,53464,4274,1225,387,14968,54555
77,123,532,212,757,28436,1576,967,135,411,1364,570,2651,97194,6312,3034,375,29193,99845
77,124,160,95,275,3951,541,168,91,111,535,605,1010,26280,4914,927,393,4226,27290
77,126,2,0,0,0,0,0,0,1,4,0,0,0,0,0,0,0,0
77,127,2,0,0,0,0,0,0,1,3,0,0,0,0,0,0,0,0
78,110,74,40,61,2832,130,98,21,23,203,256,395,12301,866,597,135,2893,12696
78,111,13,0,0,0,0,0,0,3,32,0,0,0,0,0,0,0,0
78,115,32,53,34,617,63,26,78,17,101,538,261,5275,657,174,762,651,5536
78,116,521,760,1153,12558,1278,432,1092,160,1412,4929,6482,89584,11880,2591,8266,13711,96066
78,117,23,145,0,198,7,0,3,12,49,1626,0,2103,74,0,19,198,2103
78,122,1357,1650,11520,114514,6081,3186,926,674,3213,4936,20567,314792,19730,8352,2068,126034,335359
78,123,5322,3945,36748,408125,19194,14342,3400,2797,13290,10306,72255,1032077,61823,35422,7835,444873,1104332
78,124,218,104,3681,15296,630,397,374,52,587,334,7442,34228,3291,1101,802,18977,41670
78,126,10,0,0,0,0,0,0,5,27,0,0,0,0,0,0,0,0
78,127,4,0,0,0,0,0,0,1,8,0,0,0,0,0,0,0,0
79,110,3351,2666,6691,175157,6776,6540,3948,763,8007,14412,22353,592736,37038,30602,27293,181848,615089
79,111,1,0,0,0,0,0,0,1,6,0,0,0,0,0,0,0,0
79,116,10,0,0,0,0,0,0,4,24,0,0,0,0,0,0,0,0
79,117,84,62,38,849,115,47,66,41,242,568,343,6447,1013,311,483,887,6790
79,118,664,872,1154,12839,1041,322,945,254,1865,6406,8137,103645,9900,2534,9541,13993,111782
79,122,392,187,291,7757,652,204,85,147,985,852,831,39403,4484,737,414,8048,40234
79,123,397,173,913,13692,1027,907,151,301,1129,538,3009,57457,5727,3151,606,14605,60466
79,124,51,29,224,1125,168,50,16,41,177,168,1026,7093,1490,231,74,1349,8119
79,125,14,2,3,354,82,8,0,8,49,12,18,3067,763,50,0,357,3085
79,126,5,0,0,0,0,0,0,2,12,0,0,0,0,0,0,0,0
80,110,222,261,143,4946,441,322,486,42,521,2144,733,26431,3788,2120,4544,5089,27164
80,111,38,38,19,752,73,62,28,17,98,358,112,5118,628,362,263,771,5230
80,118,153,132,183,3159,400,101,239,63,481,1019,1547,26284,4042,730,2244,3342,27831
80,122,1310,2473,2837,58804,12423,2799,1636,401,3726,12970,8590,299700,67394,9081,7854,61641,308290
80,123,373,252,678,10033,1194,401,185,221,1173,1601,3273,63222,9707,2035,952,10711,66495
80,124,39,56,5,1244,284,0,6,21,122,399,25,9534,2579,0,30,1249,9559
80,125,14,25,5,162,22,7,2,9,50,152,18,1061,230,22,7,167,1079
80,126,13,0,0,0,0,0,0,5,40,0,0,0,0,0,0,0,0
81,110,29,0,0,0,0,0,0,15,77,0,0,0,0,0,0,0,0
81,114,28,16,23,512,80,26,61,15,79,138,167,4366,878,192,549,535,4533
81,116,11,5,16,106,23,2,0,7,32,70,117,953,238,28,0,122,1070
81,117,21,10,17,301,42,26,0,10,63,20,98,2154,459,133,0,318,2252
81,118,1975,2413,6190,67844,8809,1595,4826,462,5108,14719,27261,488533,74149,9285,32859,74034,515794
81,121,269,205,453,6887,612,149,269,71,713,1255,1708,42747,4155,793,1664,7340,44455
81,122,1697,2063,7555,80980,6283,1242,1509,418,4158,10030,17776,374278,37566,4903,7261,88535,392054
81,123,16,0,0,252,25,11,0,11,52,0,0,1937,290,73,0,252,1937
81,126,208,0,0,0,0,0,0,13,445,0,0,0,0,0,0,0,0
81,127,15,0,0,0,0,0,0,4,36,0,0,0,0,0,0,0,0
82,95,2,0,0,0,0,0,0,1,4,0,0,0,0,0,0,0,0
82,111,1,0,0,0,0,0,0,1,4,0,0,0,0,0,0,0,0
82,114,22,28,21,463,65,31,66,8,53,208,222,3375,589,189,494,484,3597
82,116,21,20,39,385,66,13,0,9,60,161,183,2112,652,90,0,424,2295
82,117,8,0,0,0,0,0,0,4,22,0,0,0,0,0,0,0,0
82,118,161,167,151,2871,432,211,199,80,469,1498,1081,22558,4519,1573,1729,3022,23639
82,121,49,17,10,572,54,14,9,14,122,143,35,4170,471,54,34,582,4205
82,122,37,82,23,1251,348,11,14,25,146,621,69,9619,3466,45,61,1274,9688
82,123,20,15,11,463,126,3,0,13,70,133,55,3453,1260,4,0,474,3508
82,127,1,0,0,0,0,0,0,1,6,0,0,0,0,0,0,0,0
83,109,231,373,164,5649,1087,118,628,57,642,2807,1395,44634,8052,713,6017,5813,46029
83,110,18,12,7,370,91,31,12,10,46,78,37,2397,904,188,88,377,2434
83,111,1084,433,5639,28094,1289,1382,2600,231,2632,3205,31879,167665,9701,7980,18126,33733,199544
83,112,28,14,20,631,98,39,10,16,89,103,109,4672,872,286,64,651,4781
83,114,19,9,1,148,8,4,12,5,54,45,16,1077,70,38,65,149,1093
83,117,38,14,32,517,71,65,14,16,101,64,130,2988,526,370,99,549,3118
83,118,664,607,2332,15930,2401,592,1362,273,1891,5178,15048,121394,23646,4297,12128,18262,136442
83,120,50,0,0,0,0,0,0,15,130,0,0,0,0,0,0,0,0
83,121,695,479,500,14103,1598,270,392,312,2073,3403,3394,104105,14779,1723,2944,14603,107499
83,122,10,0,1,160,68,2,0,5,32,0,7,1680,803,14,0,161,1687
83,123,2,0,0,0,0,0,0,2,12,0,0,0,0,0,0,0,0
83,125,2,0,0,0,0,0,0,2,12,0,0,0,0,0,0,0,0
83,126,3,0,0,0,0,0,0,2,16,0,0,0,0,0,0,0,0
83,127,9,3,2,99,19,0,0,4,24,15,18,879,187,0,0,101,897
84,109,291,104,230,6281,261,102,1000,82,906,990,1982,57942,2943,775,10396,6511,59924
84,110,36,32,29,403,35,26,53,18,107,261,445,3983,449,238,615,432,4428
84,112,9,0,0,0,0,0,0,5,20,0,0,0,0,0,0,0,0
84,114,2889,10452,6739,94900,11372,5651,4027,572,7129,75136,30117,589316,86204,30907,30087,101639,619433
84,121,1838,1503,1335,35961,4841,331,668,511,5027,8908,7022,250258,41431,1613,4173,37296,257280
84,126,8,0,0,0,0,0,0,3,21,0,0,0,0,0,0,0,0
84,127,2,0,0,0,0,0,0,1,4,0,0,0,0,0,0,0,0
85,102,6,14,4,110,31,0,9,3,14,157,36,1021,353,0,65,114,1057
85,103,8,0,0,0,0,0,0,2,20,0,0,0,0,0,0,0,0
85,104,11,11,6,221,91,4,6,5,30,140,42,2219,1105,32,98,227,2261
85,109,44,101,29,874,177,37,227,16,124,932,269,8839,1817,377,2454,903,9108
85,110,106,70,124,2043,250,200,72,50,284,584,878,13296,1999,1292,583,2167,14174
85,111,709,1000,1727,17013,2246,811,2964,134,1831,9439,13908,131625,24654,5815,23654,18740,145533
85,112,129,92,84,1921,277,73,299,47,373,835,810,18234,3209,641,3384,2005,19044
85,116,15,41,17,255,61,26,0,6,40,403,77,2187,638,236,0,272,2264
85,120,420,355,401,13172,759,87,1088,73,1080,2252,1488,71464,5493,493,6648,13573,72952
85,121,1608,2564,3611,57458,10126,1127,2782,430,4572,14156,12454,329824,69255,4377,14576,61069,342278
85,122,40,63,10,1077,372,19,0,28,143,523,14,10231,4115,130,0,1087,10245
85,124,2,0,0,0,0,0,0,2,8,0,0,0,0,0,0,0,0
85,125,4,0,0,0,0,0,0,1,8,0,0,0,0,0,0,0,0
85,126,11,0,0,0,0,0,0,3,21,0,0,0,0,0,0,0,0
85,127,42,0,0,0,0,0,0,5,86,0,0,0,0,0,0,0,0
86,102,11,12,23,217,18,12,76,8,36,164,241,2101,219,112,874,240,2342
86,103,521,718,915,9029,1721,492,849,259,1329,6974,6055,74355,18738,3297,8771,9944,80410
86,104,3,0,0,0,0,0,0,2,5,0,0,0,0,0,0,0,0
86,108,4,0,0,0,0,0,0,1,8,0,0,0,0,0,0,0,0
86,109,278,332,196,4578,796,222,980,77,785,2893,1568,38987,7395,1524,9907,4774,40555
86,110,1373,1292,3884,33007,3685,1637,4546,217,3463,9647,23052,218532,28942,10077,36793,36891,241584
86,111,5,3,2,75,10,3,2,4,14,36,23,624,78,15,26,77,647
86,115,8,18,12,326,56,22,0,3,17,104,44,1779,483,119,0,338,1823
86,117,181,81,491,2848,378,181,299,99,505,608,3910,20890,3838,1107,2571,3339,24800
86,118,1,0,0,0,0,0,0,1,5,0,0,0,0,0,0,0,0
86,120,845,390,252,14854,1801,94,376,276,2402,3137,1669,114348,16884,688,2866,15106,116017
86,121,31,23,98,605,244,16,8,20,106,211,202,5098,2612,81,12,703,5300
86,123,1,0,0,0,0,0,0,1,4,0,0,0,0,0,0,0,0
86,124,2,0,0,0,0,0,0,2,10,0,0,0,0,0,0,0,0
86,126,8,0,0,0,0,0,0,3,24,0,0,0,0,0,0,0,0
86,127,19,0,0,0,0,0,0,2,44,0,0,0,0,0,0,0,0
87,101,5,0,0,0,0,0,0,2,12,0,0,0,0,0,0,0,0
87,102,11,0,0,0,0,0,0,2,22,0,0,0,0,0,0,0,0
87,103,432,272,2528,14662,933,510,1392,7,934,1174,7076,66171,4185,1972,8261,17190,73247
87,104,6,0,0,0,0,0,0,4,11,0,0,0,0,0,0,0,0
87,109,4,17,16,704,81,28,13,4,18,92,69,2388,301,74,92,720,2457
87,110,6,0,0,0,0,0,0,2,12,0,0,0,0,0,0,0,0
87,117,2,0,0,0,0,0,0,2,6,0,0,0,0,0,0,0,0
87,120,818,504,676,18908,2979,206,1388,162,2050,3603,3938,131510,22964,1196,8755,19584,135448
87,121,12,5,0,65,20,4,0,7,44,35,0,613,210,44,0,65,613
87,123,2,0,0,0,0,0,0,1,8,0,0,0,0,0,0,0,0
87,126,1,0,0,0,0,0,0,1,6,0,0,0,0,0,0,0,0
88,101,3,0,0,0,0,0,0,1,8,0,0,0,0,0,0,0,0
88,103,3,0,0,0,0,0,0,1,10,0,0,0,0,0,0,0,0
88,110,1,0,0,0,0,0,0,1,4,0,0,0,0,0,0,0,0
88,117,4,0,0,0,0,0,0,1,8,0,0,0,0,0,0,0,0
88,119,33,20,2,609,55,0,1,9,106,205,14,5371,560,0,14,611,5385
88,120,647,540,482,13387,2211,134,411,180,1734,3820,3401,104772,20832,900,3176,13869,108173
88,121,18,8,0,220,62,12,0,12,64,104,0,2026,721,104,0,220,2026
88,122,10,0,5,131,38,0,0,3,22,0,10,1175,422,0,0,136,1185
89,101,39,10,16,579,37,18,150,17,151,28,143,5436,315,168,1719,595,5579
89,103,833,1107,1009,15696,2639,641,2162,318,2486,10687,7827,147678,30100,5689,22705,16705,155505
89,110,5,0,0,0,0,0,0,3,24,0,0,0,0,0,0,0,0
89,115,1,0,0,0,0,0,0,1,4,0,0,0,0,0,0,0,0
89,116,20,0,0,0,0,0,0,10,57,0,0,0,0,0,0,0,0
89,117,193,84,291,3308,379,108,299,87,563,660,2203,29617,3802,904,2851,3599,31820
89,119,80,88,20,1745,168,27,66,30,237,633,172,13557,1631,190,545,1765,13729
89,120,456,347,135,8531,1171,71,150,159,1320,2808,886,68778,11100,612,1216,8666,69664
89,121,9,0,0,0,0,0,0,3,20,0,0,0,0,0,0,0,0
89,122,4,0,0,0,0,0,0,4,20,0,0,0,0,0,0,0,0
89,123,11,0,0,0,0,0,0,5,30,0,0,0,0,0,0,0,0
90,95,98,0,0,0,0,0,0,11,204,0,0,0,0,0,0,0,0
90,96,84,45,173,760,83,63,191,24,210,425,1163,6436,761,615,1960,933,7599
90,101,15,20,31,199,3,3,67,5,39,129,295,1956,31,6,781,230,2251
90,103,6,0,0,0,0,0,0,2,18,0,0,0,0,0,0,0,0
90,115,388,441,290,7915,902,341,360,155,1087,4251,2186,63790,8336,2389,2963,8205,65976
90,119,141,123,64,3032,160,47,109,37,355,875,311,23639,1344,309,756,3096,23950
90,120,7,1,0,141,67,0,0,4,22,3,0,1013,483,0,0,141,1013
90,121,17,22,39,299,49,17,0,11,72,154,123,1986,400,137,0,338,2109
90,122,5,0,0,0,0,0,0,4,21,0,0,0,0,0,0,0,0
90,124,12,0,0,0,0,0,0,4,27,0,0,0,0,0,0,0,0
91,96,4,0,0,0,0,0,0,1,8,0,0,0,0,0,0,0,0
91,101,231,414,720,6971,1377,394,624,80,616,3191,3987,44078,11293,2833,5631,7691,48065
91,110,85,72,71,1337,127,68,427,26,226,704,583,11839,1125,636,4194,1408,12422
91,111,6,0,0,0,0,0,0,1,13,0,0,0,0,0,0,0,0
91,118,295,387,319,6223,847,41,214,69,724,2948,2400,46608,7275,287,1763,6542,49008
91,119,2426,3169,3439,71346,15679,801,1978,428,5619,19910,17533,487936,100445,4309,13547,74785,505469
91,120,8,5,8,172,22,15,6,4,22,5,30,865,156,90,36,180,895
91,121,7,0,0,0,0,0,0,3,18,0,0,0,0,0,0,0,0
91,122,1,0,0,0,0,0,0,1,4,0,0,0,0,0,0,0,0
91,123,6,0,0,0,0,0,0,3,20,0,0,0,0,0,0,0,0
91,124,5,0,0,0,0,0,0,4,24,0,0,0,0,0,0,0,0
91,125,1,0,0,0,0,0,0,1,6,0,0,0,0,0,0,0,0
91,127,7,0,0,0,0,0,0,2,14,0,0,0,0,0,0,0,0
92,95,60,44,212,723,55,125,224,14,182,412,1704,6266,503,954,2315,935,7970
92,96,125,65,563,1607,114,178,262,45,286,494,3079,11193,722,1411,2207,2170,14272
92,102,2,0,0,0,0,0,0,2,8,0,0,0,0,0,0,0,0
92,104,1,0,0,0,0,0,0,1,4,0,0,0,0,0,0,0,0
92,109,5,7,1,79,6,0,1,4,18,106,7,677,42,0,14,80,684
92,110,8,0,0,0,0,0,0,3,23,0,0,0,0,0,0,0,0
92,117,218,109,107,5163,206,13,192,43,524,898,776,39098,1782,145,1548,5270,39874
92,118,4264,2764,8927,124871,9140,1297,5649,725,10646,16189,39831,844133,68930,6395,40697,133798,883964
92,119,2,0,0,0,0,0,0,1,4,0,0,0,0,0,0,0,0
92,121,6,10,1,214,91,0,0,4,24,83,7,2067,690,0,0,215,2074
92,123,2,0,0,0,0,0,0,2,12,0,0,0,0,0,0,0,0
92,125,1,0,0,0,0,0,0,1,4,0,0,0,0,0,0,0,0
92,126,3,0,0,0,0,0,0,1,7,0,0,0,0,0,0,0,0
93,102,3,0,0,0,0,0,0,2,14,0,0,0,0,0,0,0,0
93,103,169,120,159,3053,428,156,233,69,540,998,1377,25285,4438,1198,2171,3212,26662
93,104,4,0,0,0,0,0,0,1,7,0,0,0,0,0,0,0,0
93,109,231,126,134,4242,296,125,478,84,645,1094,1110,35213,2782,631,4704,4376,36323
93,110,1,0,0,0,0,0,0,1,5,0,0,0,0,0,0,0,0
93,111,1,0,0,0,0,0,0,1,7,0,0,0,0,0,0,0,0
93,117,927,403,1197,21183,1548,192,732,269,2311,2610,8650,156148,13642,1206,5917,22380,164798
93,118,160,57,78,3944,493,34,65,63,394,418,371,29003,4887,191,477,4022,29374
93,120,2,0,0,0,0,0,0,1,8,0,0,0,0,0,0,0,0
93,121,6,0,0,0,0,0,0,2,12,0,0,0,0,0,0,0,0
94,109,7,7,0,104,12,2,5,6,28,70,0,1519,124,33,46,104,1519
94,110,47,12,14,692,17,14,223,18,148,140,88,7331,217,112,2638,706,7419
94,111,2,0,0,0,0,0,0,1,10,0,0,0,0,0,0,0,0
94,116,6576,8286,14643,213884,20889,6220,5791,1743,16183,40514,61479,1310379,143098,33095,31805,228527,1371858
94,117,692,567,500,15337,2380,424,217,235,1796,3956,2847,115651,22334,2389,1493,15837,118498
94,120,39,0,0,0,0,0,0,18,133,0,0,0,0,0,0,0,0
95,103,2,0,0,0,0,0,0,1,4,0,0,0,0,0,0,0,0
95,104,39,10,61,302,41,25,40,18,107,104,510,2538,467,210,397,363,3048
95,106,262,412,182,5596,1353,212,1384,47,628,3988,1390,49313,12103,1130,15038,5778,50703
95,109,10,2,2,179,0,0,16,3,26,10,14,1902,0,0,207,181,1916
95,110,17,2,4,179,0,0,14,5,49,14,48,1581,0,0,122,183,1629
95,114,22,4,10,412,41,1,8,7,64,28,96,3293,431,1,76,422,3389
95,115,3339,5447,5176,109480,19191,766,2547,581,7715,32775,24474,725843,143432,3891,16887,114656,750317
95,116,2,0,0,0,0,0,0,2,6,0,0,0,0,0,0,0,0
95,120,1,0,0,0,0,0,0,1,4,0,0,0,0,0,0,0,0
95,122,7,0,0,0,0,0,0,2,19,0,0,0,0,0,0,0,0
95,124,1,0,0,0,0,0,0,1,6,0,0,0,0,0,0,0,0
96,104,151,78,205,2408,279,123,699,72,472,747,1619,21087,2912,1046,7517,2613,22706
96,105,1,0,0,0,0,0,0,1,2,0,0,0,0,0,0,0,0
96,114,1999,1504,3592,63293,6157,644,967,443,5175,9059,17359,436497,43636,3304,6604,66885,453856
96,119,1,0,0,0,0,0,0,1,6,0,0,0,0,0,0,0,0
96,121,24,19,7,512,210,12,0,17,107,207,49,5095,2479,100,0,519,5144
96,123,6,0,0,0,0,0,0,3,20,0,0,0,0,0,0,0,0
97,103,4,0,0,0,0,0,0,2,10,0,0,0,0,0,0,0,0
97,104,15,10,29,227,14,21,2,7,49,84,170,1225,74,137,10,256,1395
97,105,631,365,546,8381,949,154,2262,94,1654,3557,4747,79559,9642,989,25160,8927,84306
97,113,580,172,367,13147,1412,123,319,121,1408,1374,2404,101374,12212,716,2244,13514,103778
97,114,16,13,12,377,38,6,18,3,38,71,53,2328,323,26,90,389,2381
97,117,4,0,0,0,0,0,0,2,12,0,0,0,0,0,0,0,0
97,119,2,0,0,0,0,0,0,2,7,0,0,0,0,0,0,0,0
97,121,21,0,0,0,0,0,0,13,79,0,0,0,0,0,0,0,0
97,122,18,16,0,294,118,0,0,11,72,214,0,3003,1520,0,0,294,3003
97,123,1,0,0,0,0,0,0,1,6,0,0,0,0,0,0,0,0
98,103,7,0,0,0,0,0,0,4,18,0,0,0,0,0,0,0,0
98,104,1760,1441,8221,65214,3758,2110,2972,442,4485,8625,41135,273869,23395,9865,21342,73435,315004
98,105,280,49,279,3581,247,55,169,63,644,365,1583,28084,2150,342,1720,3860,29667
98,112,1695,2716,949,45944,2193,327,1243,188,4219,10915,6012,321184,15211,1315,9488,46893,327196
98,113,411,37,194,7967,264,43,95,127,1078,292,1390,64706,2511,384,814,8161,66096
98,117,5,0,0,0,0,0,0,5,16,0,0,0,0,0,0,0,0
98,120,6,0,0,0,0,0,0,1,12,0,0,0,0,0,0,0,0
98,121,10,0,0,0,0,0,0,4,28,0,0,0,0,0,0,0,0
98,122,2,0,0,0,0,0,0,1,4,0,0,0,0,0,0,0,0
98,123,4,0,0,0,0,0,0,1,8,0,0,0,0,0,0,0,0
99,103,756,475,1950,14972,1603,887,1595,241,1911,4263,11944,103396,13650,5881,16530,16922,115340
99,104,2,0,0,0,0,0,0,1,4,0,0,0,0,0,0,0,0
99,105,2829,2607,5275,67076,9894,1905,4604,406,6753,17569,29089,479878,76823,10140,35103,72351,508967
99,106,38,0,0,0,0,0,0,11,107,0,0,0,0,0,0,0,0
99,110,266,331,397,5800,985,370,508,71,709,2802,2752,43655,7542,2270,5213,6197,46407
99,118,1,0,0,0,0,0,0,1,4,0,0,0,0,0,0,0,0
99,120,10,0,0,0,0,0,0,3,20,0,0,0,0,0,0,0,0
99,121,24,4,0,171,91,0,0,8,56,28,0,2144,1350,0,0,171,2144
99,122,110,4,801,243,62,20,15,29,276,7,1294,1761,681,38,24,1044,3055
99,123,13,0,0,0,0,0,0,5,30,0,0,0,0,0,0,0,0
100,103,10,29,56,300,18,13,37,6,31,262,455,2388,136,87,452,356,2843
100,105,166,25,179,2806,171,67,73,38,360,212,1531,23343,1734,460,557,2985,24874
100,106,21,0,0,0,0,0,0,5,64,0,0,0,0,0,0,0,0
100,111,26,0,0,0,0,0,0,8,56,0,0,0,0,0,0,0,0
100,112,187,28,64,4418,88,18,27,42,443,133,445,30428,697,148,201,4482,30873
100,113,1,0,0,0,0,0,0,1,6,0,0,0,0,0,0,0,0
100,114,1,0,0,0,0,0,0,1,4,0,0,0,0,0,0,0,0
100,120,1,0,0,0,0,0,0,1,5,0,0,0,0,0,0,0,0
100,121,3,0,0,0,0,0,0,1,6,0,0,0,0,0,0,0,0
100,122,22,25,36,394,134,14,7,10,63,157,99,2960,1541,30,11,430,3059
100,123,2,0,0,0,0,0,0,2,12,0,0,0,0,0,0,0,0
101,104,3,0,0,0,0,0,0,1,8,0,0,0,0,0,0,0,0
101,105,262,206,357,5422,1185,159,484,48,650,1454,2159,41100,9038,745,4717,5779,43259
101,106,164,134,718,5932,279,30,437,15,352,823,3167,41222,2696,167,2174,6650,44389
101,111,1393,753,4567,45723,4820,389,1321,197,3418,4797,18971,296812,30944,1437,8161,50290,315783
101,112,261,37,198,6271,145,12,77,52,613,198,1062,43346,1222,65,496,6469,44408
101,113,3,0,0,0,0,0,0,1,6,0,0,0,0,0,0,0,0
101,114,8,0,0,0,0,0,0,2,16,0,0,0,0,0,0,0,0
101,115,4,0,0,0,0,0,0,1,8,0,0,0,0,0,0,0,0
102,104,80,43,62,1211,172,7,88,22,178,392,502,11515,1917,35,862,1273,12017
102,106,360,192,315,7577,614,135,207,110,851,1676,1953,56726,5112,811,1548,7892,58679
102,110,260,85,111,5272,266,35,136,64,636,645,753,39020,2202,179,1079,5383,39773
102,111,589,163,363,12195,995,276,413,126,1539,865,2467,80500,5847,1030,2829,12558,82967
102,113,5,0,0,0,0,0,0,4,14,0,0,0,0,0,0,0,0
103,104,1,0,0,0,0,0,0,1,6,0,0,0,0,0,0,0,0
103,105,12,0,0,0,0,0,0,4,30,0,0,0,0,0,0,0,0
103,106,34,0,5,375,26,5,12,13,76,0,41,4084,249,25,124,380,4125
103,110,2070,917,3140,58942,3121,430,2687,358,4769,4630,12841,378834,19263,1802,11411,62082,391675
103,113,1,0,0,0,0,0,0,1,2,0,0,0,0,0,0,0,0
104,98,217,0,0,0,0,0,0,16,457,0,0,0,0,0,0,0,0
104,103,141,0,0,0,0,0,0,40,329,0,0,0,0,0,0,0,0
104,105,12,4,20,111,9,0,7,5,24,42,347,1063,86,0,84,131,1410
104,112,3,0,0,0,0,0,0,1,15,0,0,0,0,0,0,0,0
104,114,26,7,274,701,61,41,9,4,56,7,468,1431,216,53,15,975,1899
105,98,151,49,332,3893,191,229,156,49,342,285,1643,13592,966,824,1263,4225,15235
105,103,107,0,0,0,0,0,0,40,230,0,0,0,0,0,0,0,0
105,105,1,0,0,0,0,0,0,1,4,0,0,0,0,0,0,0,0
105,109,23,32,13,473,184,16,8,6,60,103,38,1816,832,30,36,486,1854
105,111,2,0,0,0,0,0,0,1,4,0,0,0,0,0,0,0,0
105,113,13,0,0,0,0,0,0,3,26,0,0,0,0,0,0,0,0
106,98,2,0,0,0,0,0,0,1,5,0,0,0,0,0,0,0,0
106,103,4,0,0,0,0,0,0,3,14,0,0,0,0,0,0,0,0
106,104,22,0,20,305,25,0,0,8,52,0,311,2192,392,0,0,325,2503
106,105,5,0,0,0,0,0,0,2,16,0,0,0,0,0,0,0,0
106,108,63,17,235,746,66,28,100,18,161,28,640,3298,310,114,318,981,3938
106,109,82,28,179,1225,213,91,53,36,212,166,577,5584,1597,244,206,1404,6161
107,102,313,134,352,5806,441,92,267,82,810,1051,2608,43394,3664,574,2181,6158,46002
107,103,32,1,3,411,4,16,9,7,87,3,20,2915,12,86,49,414,2935
107,104,263,126,297,5252,224,70,180,74,692,944,2091,41337,2023,529,1719,5549,43428
107,105,3,0,0,0,0,0,0,2,9,0,0,0,0,0,0,0,0
107,106,102,57,74,2537,322,11,285,46,276,524,477,21499,3485,59,1975,2611,21976
107,107,50,0,0,0,0,0,0,19,134,0,0,0,0,0,0,0,0
107,108,24,14,10,174,63,2,6,10,58,80,17,1405,554,8,52,184,1422
108,97,18,0,0,0,0,0,0,6,53,0,0,0,0,0,0,0,0
108,98,62,52,266,1505,128,90,115,10,172,314,1722,6524,604,352,1038,1771,8246
108,102,2,0,0,0,0,0,0,1,8,0,0,0,0,0,0,0,0
108,103,13,12,68,254,34,9,2,7,36,103,318,2197,289,73,14,322,2515
108,105,25,72,3,556,136,6,0,12,67,629,28,4921,1404,37,0,559,4949
108,106,22,0,0,0,0,0,0,6,58,0,0,0,0,0,0,0,0
109,97,1,0,0,0,0,0,0,1,4,0,0,0,0,0,0,0,0
109,103,241,20,144,3060,138,71,64,59,718,131,820,25627,1324,334,477,3204,26447
109,104,53,41,20,1183,109,28,43,18,157,291,182,8937,997,153,335,1203,9119
109,105,169,22,45,2305,211,82,68,46,415,156,327,17985,2082,456,747,2350,18312
109,108,15,2,11,112,13,1,8,7,37,14,74,941,180,4,50,123,1015
110,97,68,0,3,53,13,0,0,10,192,0,19,441,146,0,0,56,460
110,102,2,0,0,0,0,0,0,1,10,0,0,0,0,0,0,0,0
110,104,77,33,42,1527,134,8,23,27,200,236,287,11528,1200,32,205,1569,11815
110,105,315,139,226,7898,426,130,174,65,872,744,1491,54785,3586,941,1120,8124,56276
110,107,118,0,0,0,0,0,0,5,338,0,0,0,0,0,0,0,0
111,97,82,70,415,2673,199,234,73,34,208,446,1916,10491,1148,805,546,3088,12407
111,110,10,0,0,0,0,0,0,1,20,0,0,0,0,0,0,0,0
112,97,4,0,0,0,0,0,0,3,10,0,0,0,0,0,0,0,0
112,101,3,0,0,0,0,0,0,2,6,0,0,0,0,0,0,0,0
112,102,5,7,11,146,8,8,0,4,15,14,57,709,32,46,0,157,766
112,109,98,0,0,0,0,0,0,8,238,0,0,0,0,0,0,0,0
113,97,77,15,132,1480,109,82,70,41,212,139,918,6959,724,556,627,1612,7877
113,100,270,0,0,0,0,0,0,5,810,0,0,0,0,0,0,0,0
113,102,12,0,0,0,0,0,0,6,23,0,0,0,0,0,0,0,0
113,104,4,0,0,0,0,0,0,1,8,0,0,0,0,0,0,0,0
114,97,2,0,0,0,0,0,0,1,8,0,0,0,0,0,0,0,0
114,100,43,21,32,662,56,22,53,16,90,141,156,4915,525,281,417,694,5071
114,101,113,185,1078,5984,507,518,177,47,269,372,2840,13641,1716,1100,349,7062,16481
114,102,37,30,52,873,80,40,7,15,83,168,275,4547,401,166,44,925,4822
114,104,3,0,0,0,0,0,0,1,6,0,0,0,0,0,0,0,0
115,96,128,115,261,2520,199,238,287,39,306,1046,1532,15990,1323,1321,2610,2781,17522
115,100,2,0,0,0,0,0,0,1,4,0,0,0,0,0,0,0,0
115,103,3,0,0,0,0,0,0,1,6,0,0,0,0,0,0,0,0
116,100,11,0,0,0,0,0,0,7,28,0,0,0,0,0,0,0,0
116,102,1,0,0,0,0,0,0,1,4,0,0,0,0,0,0,0,0
117,100,4,0,0,0,0,0,0,2,10,0,0,0,0,0,0,0,0
118,100,93,0,0,0,0,0,0,20,240,0,0,0,0,0,0,0,0
118,101,3,0,0,0,0,0,0,1,6,0,0,0,0,0,0,0,0
119,97,120,33,233,3386,271,50,28,16,256,173,1126,19519,2133,183,197,3619,20645
119,98,19,0,0,0,0,0,0,4,40,0,0,0,0,0,0,0,0
119,99,20,21,6,452,31,18,14,7,56,185,41,3391,232,127,160,458,3432
119,100,586,539,945,23347,3573,521,414,105,1384,3572,4031,119746,28298,2239,2280,24292,123777
120,97,74,0,0,0,0,0,0,22,170,0,0,0,0,0,0,0,0
120,99,3,0,0,0,0,0,0,1,6,0,0,0,0,0,0,0,0
121,96,392,252,474,12802,875,272,42,55,841,1658,1856,76645,6324,1433,265,13276,78501
121,98,30,18,15,720,107,16,8,18,92,116,191,4803,810,206,16,735,4994
122,97,93,92,45,1870,214,138,20,30,233,336,222,7183,710,298,54,1915,7405
122,98,2,0,0,0,0,0,0,2,6,0,0,0,0,0,0,0,0
123,96,207,51,35,5351,193,24,7,30,498,437,116,40751,1631,113,50,5386,40867
123,97,641,895,1445,53369,5487,1979,536,68,1802,3314,4700,219498,23486,5658,1572,54814,224198
123,98,3,0,0,0,0,0,0,3,13,0,0,0,0,0,0,0,0
124,95,227,426,1838,17091,1190,527,187,8,462,1516,4028,66710,5536,1855,643,18929,70738
124,96,887,1848,8423,99697,4843,1657,697,41,1827,7031,21685,330477,24686,4982,1769,108120,352162
124,97,474,418,764,15429,1772,915,165,160,1112,2740,2676,75094,12165,3887,612,16193,77770
124,98,2,0,0,0,0,0,0,1,4,0,0,0,0,0,0,0,0
125,95,2401,2902,9956,212441,10614,6635,1324,989,5743,10083,23991,729135,43905,22121,3666,222397,753126
125,96,1899,4105,13038,169704,9488,5506,829,480,4343,20602,29934,542559,38676,15429,2048,182742,572493
126,95,5280,7706,18524,508668,26635,13386,2550,1645,12405,27712,51549,1548252,85734,34974,6581,527192,1599801
126,96,145,39,251,2013,161,164,25,70,387,80,778,7378,627,391,29,2264,8156
127,95,17,0,0,0,0,0,0,9,43,0,0,0,0,0,0,0,0
127,96,5,0,0,0,0,0,0,2,12,0,0,0,0,0,0,0,0
